 20  913.644508 1.032E-30 1.508E-01.07250.097 1464.43020.71-.001804       0 0 0 11       1 0 0 01                    P 20e     6066632424 9 9 711    78.0   82.0
 20  915.240819 1.061E-30 1.519E-01.07350.099 1437.36780.70-.001819       0 0 0 11       1 0 0 01                    P 18e     6066632424 9 9 711    70.0   74.0
 20  916.814559 1.063E-30 1.533E-01.07460.101 1413.08010.69-.001837       0 0 0 11       1 0 0 01                    P 16e     6066632424 9 9 711    62.0   66.0
 20  918.365754 1.034E-30 1.547E-01.07590.103 1391.56750.68-.001856       0 0 0 11       1 0 0 01                    P 14e     6066632424 9 9 711    54.0   58.0
 20  937.103179 1.046E-30 1.486E-01.07660.104 1372.83000.68-.000808       0 0 0 11       1 0 0 01                    R 12e     6066632424 9 9 711    54.0   50.0
 20  938.327247 1.100E-30 1.494E-01.07520.102 1391.56750.69-.000919       0 0 0 11       1 0 0 01                    R 14e     6566632424 9 9 711    62.0   58.0
 20  939.528502 1.120E-30 1.500E-01.07400.100 1413.08010.70-.001021       0 0 0 11       1 0 0 01                    R 16e     6566632424 9 9 711    70.0   66.0
 20  940.706880 1.110E-30 1.505E-01.07300.098 1437.36780.70-.001117       0 0 0 11       1 0 0 01                    R 18e     6566632424 9 9 711    78.0   74.0
 20  941.862313 1.072E-30 1.507E-01.07200.096 1464.43020.71-.001206       0 0 0 11       1 0 0 01                    R 20e     6066632424 9 9 711    86.0   82.0
 20  942.994726 1.013E-30 1.510E-01.07120.095 1494.26690.72-.001290       0 0 0 11       1 0 0 01                    R 22e     6066632424 9 9 711    94.0   90.0
 20 1002.095800 1.060E-30 2.079E-01.06870.087 1586.54600.74-.001756       0 0 0 11       1 0 0 02                    P 32e     6766632431 9 9 711   126.0  130.0
 20 1003.801779 1.230E-30 2.091E-01.06920.088 1542.87050.74-.001758       0 0 0 11       1 0 0 02                    P 30e     6766632431 9 9 711   118.0  122.0
 20 1005.487483 1.400E-30 2.099E-01.06970.090 1501.96460.73-.001763       0 0 0 11       1 0 0 02                    P 28e     6766632431 9 9 711   110.0  114.0
 20 1007.152801 1.560E-30 2.103E-01.07020.092 1463.82890.73-.001770       0 0 0 11       1 0 0 02                    P 26e     6766632431 9 9 711   102.0  106.0
 20 1008.797626 1.710E-30 2.113E-01.07090.094 1428.46400.72-.001779       0 0 0 11       1 0 0 02                    P 24e     6766632431 9 9 711    94.0   98.0
 20 1010.421858 1.830E-30 2.116E-01.07160.095 1395.87070.71-.001790       0 0 0 11       1 0 0 02                    P 22e     6766632431 9 9 711    86.0   90.0
 20 1012.025402 1.920E-30 2.124E-01.07250.097 1366.04930.71-.001804       0 0 0 11       1 0 0 02                    P 20e     6766632431 9 9 711    78.0   82.0
 20 1013.608169 1.970E-30 2.136E-01.07350.099 1339.00050.70-.001819       0 0 0 11       1 0 0 02                    P 18e     6766632431 9 9 711    70.0   74.0
 20 1015.170077 1.970E-30 2.149E-01.07460.101 1314.72460.69-.001837       0 0 0 11       1 0 0 02                    P 16e     6766632431 9 9 711    62.0   66.0
 20 1016.711049 1.910E-30 2.161E-01.07590.103 1293.22220.68-.001856       0 0 0 11       1 0 0 02                    P 14e     6766632431 9 9 711    54.0   58.0
 20 1018.231015 1.790E-30 2.177E-01.07740.105 1274.49340.68-.001876       0 0 0 11       1 0 0 02                    P 12e     6766632431 9 9 711    46.0   50.0
 20 1019.729911 1.610E-30 2.200E-01.07910.108 1258.53880.68-.001895       0 0 0 11       1 0 0 02                    P 10e     6766632431 9 9 711    38.0   42.0
 20 1021.207681 1.380E-30 2.247E-01.08110.111 1245.35850.68-.001912       0 0 0 11       1 0 0 02                    P  8e     6766632431 9 9 711    30.0   34.0
 20 1022.664272 1.090E-30 2.307E-01.08340.114 1234.95270.68-.001922       0 0 0 11       1 0 0 02                    P  6e     6766632431 9 9 711    22.0   26.0
 20 1031.613445 1.270E-30 2.005E-01.08220.112 1234.95270.68-.000406       0 0 0 11       1 0 0 02                    R  6e     6766632431 9 9 711    30.0   26.0
 20 1032.910231 1.550E-30 2.038E-01.08010.109 1245.35850.68-.000554       0 0 0 11       1 0 0 02                    R  8e     6766632431 9 9 711    38.0   34.0
 20 1034.185668 1.780E-30 2.066E-01.07820.107 1258.53880.68-.000687       0 0 0 11       1 0 0 02                    R 10e     6766632431 9 9 711    46.0   42.0
 20 1035.439765 1.950E-30 2.088E-01.07660.104 1274.49340.68-.000808       0 0 0 11       1 0 0 02                    R 12e     6766632431 9 9 711    54.0   50.0
 20 1036.672542 2.060E-30 2.110E-01.07520.102 1293.22220.69-.000919       0 0 0 11       1 0 0 02                    R 14e     6766632431 9 9 711    62.0   58.0
 20 1037.884020 2.110E-30 2.130E-01.07400.100 1314.72460.70-.001021       0 0 0 11       1 0 0 02                    R 16e     6766632431 9 9 711    70.0   66.0
 20 1039.074230 2.100E-30 2.145E-01.07300.098 1339.00050.70-.001117       0 0 0 11       1 0 0 02                    R 18e     6766632431 9 9 711    78.0   74.0
 20 1040.243207 2.040E-30 2.160E-01.07200.096 1366.04930.71-.001206       0 0 0 11       1 0 0 02                    R 20e     6766632431 9 9 711    86.0   82.0
 20 1041.390995 1.930E-30 2.166E-01.07120.095 1395.87070.72-.001290       0 0 0 11       1 0 0 02                    R 22e     6766632431 9 9 711    94.0   90.0
 20 1042.517640 1.800E-30 2.186E-01.07050.093 1428.46400.72-.001369       0 0 0 11       1 0 0 02                    R 24e     6766632431 9 9 711   102.0   98.0
 20 1043.623199 1.640E-30 2.198E-01.06990.091 1463.82890.73-.001444       0 0 0 11       1 0 0 02                    R 26e     6766632431 9 9 711   110.0  106.0
 20 1044.707730 1.470E-30 2.215E-01.06940.089 1501.96460.73-.001514       0 0 0 11       1 0 0 02                    R 28e     6766632431 9 9 711   118.0  114.0
 20 1045.771301 1.290E-30 2.225E-01.06890.088 1542.87050.74-.001582       0 0 0 11       1 0 0 02                    R 30e     6766632431 9 9 711   126.0  122.0
 20 1046.813984 1.110E-30 2.231E-01.06850.086 1586.54600.74-.001646       0 0 0 11       1 0 0 02                    R 32e     6766632431 9 9 711   134.0  130.0
 20 2171.268450 1.284E-30 1.753E+02.06210.068 2760.74900.71-.003575       1 0 0 11       1 0 0 01                    P 64e     3355532430 9 9 711   254.0  258.0
 20 2171.437674 1.382E-30 1.752E+02.06140.067 2751.88480.70-.003605       1 0 0 12       1 0 0 02                    P 66e     3355532430 9 9 711   262.0  266.0
 20 2173.313089 1.905E-30 1.754E+02.06260.068 2672.78970.71-.003544       1 0 0 11       1 0 0 01                    P 62e     3355532430 9 9 711   246.0  250.0
 20 2173.471707 2.080E-30 1.755E+02.06210.068 2661.27590.71-.003575       1 0 0 12       1 0 0 02                    P 64e     3355532430 9 9 711   254.0  258.0
 20 2175.337051 2.786E-30 1.756E+02.06320.069 2587.58980.72-.003514       1 0 0 11       1 0 0 01                    P 60e     3355532430 9 9 711   238.0  242.0
 20 2175.485956 3.085E-30 1.756E+02.06260.068 2573.41810.71-.003544       1 0 0 12       1 0 0 02                    P 62e     3355532430 9 9 711   246.0  250.0
 20 2177.340313 4.015E-30 1.757E+02.06370.070 2505.15030.72-.003483       1 0 0 11       1 0 0 01                    P 58e     3355532430 9 9 711   230.0  234.0
 20 2177.480408 4.510E-30 1.758E+02.06320.069 2488.31270.72-.003514       1 0 0 12       1 0 0 02                    P 60e     3355532430 9 9 711   238.0  242.0
 20 2179.322850 5.703E-30 1.759E+02.06420.070 2425.47230.73-.003453       1 0 0 11       1 0 0 01                    P 56e     3355532430 9 9 711   222.0  226.0
 20 2179.455049 6.498E-30 1.759E+02.06370.070 2405.96110.72-.003483       1 0 0 12       1 0 0 02                    P 58e     3355532430 9 9 711   230.0  234.0
 20 2181.284639 7.983E-30 1.760E+02.06470.071 2348.55670.73-.003422       1 0 0 11       1 0 0 01                    P 54e     3355532430 9 9 711   214.0  218.0
 20 2181.409866 9.227E-30 1.761E+02.06420.070 2326.36460.73-.003453       1 0 0 12       1 0 0 02                    P 56e     3355532430 9 9 711   222.0  226.0
 20 2183.225658 1.101E-29 1.762E+02.06510.072 2274.40440.74-.003392       1 0 0 11       1 0 0 01                    P 52e     3355532430 9 9 711   206.0  210.0
 20 2183.284204 1.670E-29 1.622E+02.06550.074 2163.46940.74-.003362       0 2 2 11       0 2 2 01                    P 50e     3755532431 9 9 711   198.0  202.0
 20 2183.344843 1.291E-29 1.763E+02.06470.071 2249.52470.73-.003422       1 0 0 12       1 0 0 02                    P 54e     3355532430 9 9 711   214.0  218.0
 20 2184.225215 1.940E-29 1.626E+02.06570.074 2128.72960.74-.003347       0 2 2 11       0 2 2 01                    P 49f     3765632431 9 9 711   194.0  198.0
 20 2185.145882 1.360E-29 1.603E+02.06550.074 2203.01640.74-.003362       1 0 0 11       1 0 0 01                    P 50e     3755532431 9 9 711   198.0  202.0
 20 2185.171408 2.250E-29 1.633E+02.06590.075 2094.65770.74-.003333       0 2 2 11       0 2 2 01                    P 48e     3765632431 9 9 711   190.0  194.0
 20 2185.259965 1.780E-29 1.764E+02.06510.072 2175.44250.74-.003392       1 0 0 12       1 0 0 02                    P 52e     3355532430 9 9 711   206.0  210.0
 20 2186.103173 2.590E-29 1.634E+02.06610.075 2061.30160.74-.003318       0 2 2 11       0 2 2 01                    P 47f     3765632431 9 9 711   186.0  190.0
 20 2187.038540 2.970E-29 1.635E+02.06630.076 2028.61800.74-.003303       0 2 2 11       0 2 2 01                    P 46e     3765632431 9 9 711   182.0  186.0
 20 2187.045289 1.830E-29 1.613E+02.06590.075 2134.39350.74-.003333       1 0 0 11       1 0 0 01                    P 48e     3765632431 9 9 711   190.0  194.0
 20 2187.155218 2.210E-29 1.614E+02.06550.074 2104.11930.74-.003362       1 0 0 12       1 0 0 02                    P 50e     3755532431 9 9 711   198.0  202.0
 20 2187.960945 3.390E-29 1.635E+02.06650.077 1996.64650.74-.003289       0 2 2 11       0 2 2 01                    P 45f     3765632431 9 9 711   178.0  182.0
 20 2188.885566 3.860E-29 1.637E+02.06660.077 1965.35140.74-.003275       0 2 2 11       0 2 2 01                    P 44e     3765632431 9 9 711   174.0  178.0
 20 2188.923857 2.420E-29 1.620E+02.06630.076 2068.53670.74-.003303       1 0 0 11       1 0 0 01                    P 46e     3765632431 9 9 711   182.0  186.0
 20 2189.030585 2.960E-29 1.617E+02.06590.075 2035.55630.74-.003333       1 0 0 12       1 0 0 02                    P 48e     3765632431 9 9 711   190.0  194.0
 20 2189.798508 4.380E-29 1.640E+02.06680.078 1934.76520.75-.003261       0 2 2 11       0 2 2 01                    P 43f     3765632431 9 9 711   170.0  174.0
 20 2190.712454 4.950E-29 1.642E+02.06700.079 1904.85880.75-.003247       0 2 2 11       0 2 2 01                    P 42e     3765632431 9 9 711   166.0  170.0
 20 2190.781562 3.140E-29 1.621E+02.06660.077 2005.44670.74-.003275       1 0 0 11       1 0 0 01                    P 44e     3765632431 9 9 711   174.0  178.0
 20 2190.886052 3.910E-29 1.622E+02.06630.076 1969.75460.74-.003303       1 0 0 12       1 0 0 02                    P 46e     3765632431 9 9 711   182.0  186.0
 20 2191.615837 5.570E-29 1.644E+02.06710.080 1875.65870.75-.003233       0 2 2 11       0 2 2 01                    P 41f     3765632431 9 9 711   162.0  166.0
 20 2192.519172 6.240E-29 1.646E+02.06730.080 1847.14120.75-.003219       0 2 2 11       0 2 2 01                    P 40e     3766632431 9 9 711   158.0  162.0
 20 2192.618382 4.020E-29 1.625E+02.06700.079 1945.12430.75-.003247       1 0 0 11       1 0 0 01                    P 42e     3765632431 9 9 711   166.0  170.0
 20 2192.721602 5.080E-29 1.626E+02.06660.077 1906.71530.74-.003275       1 0 0 12       1 0 0 02                    P 44e     3765632431 9 9 711   174.0  178.0
 20 2193.412909 6.960E-29 1.647E+02.06750.081 1819.32770.75-.003206       0 2 2 11       0 2 2 01                    P 39f     3766632431 9 9 711   154.0  158.0
 20 2194.305689 7.740E-29 1.649E+02.06760.082 1792.19940.75-.003192       0 2 2 11       0 2 2 01                    P 38e     3766632431 9 9 711   150.0  154.0
 20 2194.434296 5.060E-29 1.627E+02.06730.080 1887.57030.75-.003219       1 0 0 11       1 0 0 01                    P 40e     3766632431 9 9 711   158.0  162.0
 20 2194.537217 6.500E-29 1.629E+02.06700.079 1846.43950.75-.003247       1 0 0 12       1 0 0 02                    P 42e     3765632431 9 9 711   166.0  170.0
 20 2195.189699 8.570E-29 1.651E+02.06780.083 1765.77330.74-.003179       0 2 2 11       0 2 2 01                    P 37f     3766632431 9 9 711   146.0  150.0
 20 2196.071974 9.450E-29 1.653E+02.06800.084 1740.03440.74-.003167       0 2 2 11       0 2 2 01                    P 36e     3766632431 9 9 711   142.0  146.0
 20 2196.229280 6.280E-29 1.633E+02.06760.082 1832.78530.75-.003192       1 0 0 11       1 0 0 01                    P 38e     3766632431 9 9 711   150.0  154.0
 20 2196.332882 8.190E-29 1.633E+02.06730.080 1788.92820.75-.003219       1 0 0 12       1 0 0 02                    P 40e     3766632431 9 9 711   158.0  162.0
 20 2196.946185 1.040E-28 1.659E+02.06810.084 1714.99620.74-.003154       0 2 2 11       0 2 2 01                    P 35f     3766632431 9 9 711   138.0  142.0
 20 2197.817997 1.130E-28 1.650E+02.06830.085 1690.64690.74-.003142       0 2 2 11       0 2 2 01                    P 34e     3766632431 9 9 711   134.0  138.0
 20 2198.003313 7.660E-29 1.636E+02.06800.084 1780.77010.74-.003167       1 0 0 11       1 0 0 01                    P 36e     3766632431 9 9 711   142.0  146.0
 20 2198.108578 1.010E-28 1.629E+02.06760.082 1734.18230.75-.003192       1 0 0 12       1 0 0 02                    P 38e     3766632431 9 9 711   150.0  154.0
 20 2198.682342 1.240E-28 1.665E+02.06850.086 1666.99710.74-.003130       0 2 2 11       0 2 2 01                    P 33f     3766632431 9 9 711   130.0  134.0
 20 2199.543729 1.340E-28 1.662E+02.06870.087 1644.03760.74-.003118       0 2 2 11       0 2 2 01                    P 32e     3766632431 9 9 711   126.0  130.0
 20 2199.756373 9.200E-29 1.642E+02.06830.085 1731.52530.74-.003142       1 0 0 11       1 0 0 01                    P 34e     3766632431 9 9 711   134.0  138.0
 20 2199.864289 1.240E-28 1.643E+02.06800.084 1682.20270.74-.003167       1 0 0 12       1 0 0 02                    P 36e     3766632431 9 9 711   142.0  146.0
 20 2200.398147 1.440E-28 1.657E+02.06890.088 1621.77680.74-.003107       0 2 2 11       0 2 2 01                    P 31f     3766632431 9 9 711   122.0  126.0
 20 2201.249141 1.550E-28 1.661E+02.06920.088 1600.20740.74-.003096       0 2 2 11       0 2 2 01                    P 30e     3766632431 9 9 711   118.0  122.0
 20 2201.488439 1.080E-28 1.638E+02.06870.087 1685.05150.74-.003118       1 0 0 11       1 0 0 01                    P 32e     3766632431 9 9 711   126.0  130.0
 20 2201.599996 1.490E-28 1.650E+02.06830.085 1632.99030.74-.003142       1 0 0 12       1 0 0 02                    P 34e     3766632431 9 9 711   134.0  138.0
 20 2202.093578 1.660E-28 1.665E+02.06940.089 1579.33590.73-.003085       0 2 2 11       0 2 2 01                    P 29f     3766632431 9 9 711   114.0  118.0
 20 2202.934204 1.770E-28 1.670E+02.06970.090 1559.15690.73-.003075       0 2 2 11       0 2 2 01                    P 28e     3766632431 9 9 711   110.0  114.0
 20 2203.199490 1.260E-28 1.652E+02.06920.088 1641.34930.74-.003096       1 0 0 11       1 0 0 01                    P 30e     3766632431 9 9 711   118.0  122.0
 20 2203.315681 1.750E-28 1.647E+02.06870.087 1586.54600.74-.003118       1 0 0 12       1 0 0 02                    P 32e     3766632431 9 9 711   126.0  130.0
 20 2203.768611 1.870E-28 1.666E+02.06990.091 1539.67510.73-.003064       0 2 2 11       0 2 2 01                    P 27f     3766632431 9 9 711   106.0  110.0
 20 2204.598890 1.980E-28 1.675E+02.07020.092 1520.88660.73-.003055       0 2 2 11       0 2 2 01                    P 26e     3766632431 9 9 711   102.0  106.0
 20 2204.889504 1.430E-28 1.651E+02.06970.090 1600.41930.73-.003075       1 0 0 11       1 0 0 01                    P 28e     3766632431 9 9 711   110.0  114.0
 20 2205.011325 2.030E-28 1.652E+02.06920.088 1542.87050.74-.003096       1 0 0 12       1 0 0 02                    P 30e     3766632431 9 9 711   118.0  122.0
 20 2205.423224 2.070E-28 1.670E+02.07050.093 1502.79500.72-.003045       0 2 2 11       0 2 2 01                    P 25f     3766632431 9 9 711    98.0  102.0
 20 2206.243173 2.170E-28 1.679E+02.07090.094 1485.39730.72-.003036       0 2 2 11       0 2 2 01                    P 24e     3766632431 9 9 711    94.0   98.0
 20 2206.558460 1.600E-28 1.658E+02.07020.092 1562.26190.73-.003055       1 0 0 11       1 0 0 01                    P 26e     3766632431 9 9 711   102.0  106.0
 20 2206.686909 2.310E-28 1.656E+02.06970.090 1501.96460.73-.003075       1 0 0 12       1 0 0 02                    P 28e     3766632431 9 9 711   110.0  114.0
 20 2207.057394 2.250E-28 1.677E+02.07120.095 1468.69610.72-.003027       0 2 2 11       0 2 2 01                    P 23f     3766632431 9 9 711    90.0   94.0
 20 2207.867025 2.320E-28 1.676E+02.07160.095 1452.68940.71-.003019       0 2 2 11       0 2 2 01                    P 22e     3766632431 9 9 711    86.0   90.0
 20 2208.206339 1.760E-28 1.669E+02.07090.094 1526.87760.72-.003036       1 0 0 11       1 0 0 01                    P 24e     3766632431 9 9 711    94.0   98.0
 20 2208.342414 2.590E-28 1.666E+02.07020.092 1463.82890.73-.003055       1 0 0 12       1 0 0 02                    P 26e     3766632431 9 9 711   102.0  106.0
 20 2208.671098 2.390E-28 1.682E+02.07200.096 1437.37890.71-.003011       0 2 2 11       0 2 2 01                    P 21f     3766632431 9 9 711    82.0   86.0
 20 2209.470421 2.440E-28 1.682E+02.07250.097 1422.76340.71-.003003       0 2 2 11       0 2 2 01                    P 20e     3766632431 9 9 711    78.0   82.0
 20 2209.833119 1.890E-28 1.674E+02.07160.095 1494.26690.71-.003019       1 0 0 11       1 0 0 01                    P 22e     3766632431 9 9 711    86.0   90.0
 20 2209.977821 2.840E-28 1.671E+02.07090.094 1428.46400.72-.003036       1 0 0 12       1 0 0 02                    P 24e     3766632431 9 9 711    94.0   98.0
 20 2210.264314 2.480E-28 1.686E+02.07300.098 1408.84400.70-.002995       0 2 2 11       0 2 2 01                    P 19f     3766632431 9 9 711    74.0   78.0
 20 2211.053334 2.500E-28 1.686E+02.07350.099 1395.61980.70-.002988       0 2 2 11       0 2 2 01                    P 18e     3766632431 9 9 711    70.0   74.0
 20 2211.438781 1.980E-28 1.675E+02.07250.097 1464.43020.71-.003003       1 0 0 11       1 0 0 01                    P 20e     3766632431 9 9 711    78.0   82.0
 20 2211.593109 3.050E-28 1.677E+02.07160.095 1395.87070.71-.003019       1 0 0 12       1 0 0 02                    P 22e     3766632431 9 9 711    86.0   90.0
 20 2211.837019 2.510E-28 1.690E+02.07400.100 1383.09170.70-.002980       0 2 2 11       0 2 2 01                    P 17f     3766632431 9 9 711    66.0   70.0
 20 2212.615739 2.490E-28 1.686E+02.07460.101 1371.25910.69-.002972       0 2 2 11       0 2 2 01                    P 16e     3766632431 9 9 711    62.0   66.0
 20 2213.023304 2.040E-28 1.688E+02.07350.099 1437.36780.70-.002988       1 0 0 11       1 0 0 01                    P 18e     3766632431 9 9 711    70.0   74.0
 20 2213.188258 3.200E-28 1.681E+02.07250.097 1366.04930.71-.003003       1 0 0 12       1 0 0 02                    P 20e     3766632431 9 9 711    78.0   82.0
 20 2213.389192 2.460E-28 1.688E+02.07520.102 1360.12250.69-.002964       0 2 2 11       0 2 2 01                    P 15f     3766632431 9 9 711    58.0   62.0
 20 2214.157612 2.410E-28 1.690E+02.07590.103 1349.68150.68-.002956       0 2 2 11       0 2 2 01                    P 14e     3766632431 9 9 711    54.0   58.0
 20 2214.586668 2.040E-28 1.696E+02.07460.101 1413.08010.69-.002972       1 0 0 11       1 0 0 01                    P 16e     3766632431 9 9 711    62.0   66.0
 20 2214.763248 3.290E-28 1.690E+02.07350.099 1339.00050.70-.002988       1 0 0 12       1 0 0 02                    P 18e     3766632431 9 9 711    70.0   74.0
 20 2214.920811 2.340E-28 1.691E+02.07660.104 1339.93660.68-.002947       0 2 2 11       0 2 2 01                    P 13f     3766632431 9 9 711    50.0   54.0
 20 2215.678928 2.250E-28 1.693E+02.07740.105 1330.88740.68-.002938       0 2 2 11       0 2 2 01                    P 12e     3766632431 9 9 711    46.0   50.0
 20 2216.128855 1.980E-28 1.705E+02.07590.103 1391.56750.68-.002956       1 0 0 11       1 0 0 01                    P 14e     3766632431 9 9 711    54.0   58.0
 20 2216.318058 3.290E-28 1.699E+02.07460.101 1314.72460.69-.002972       1 0 0 12       1 0 0 02                    P 16e     3766632431 9 9 711    62.0   66.0
 20 2216.431854 2.130E-28 1.686E+02.07820.107 1322.53430.68-.002926       0 2 2 11       0 2 2 01                    P 11f     3766632431 9 9 711    42.0   46.0
 20 2217.179664 2.000E-28 1.687E+02.07910.108 1314.87720.68-.002914       0 2 2 11       0 2 2 01                    P 10e     3766632431 9 9 711    38.0   42.0
 20 2217.649846 1.860E-28 1.719E+02.07740.105 1372.83000.68-.002938       1 0 0 11       1 0 0 01                    P 12e     3766632431 9 9 711    46.0   50.0
 20 2217.852666 3.200E-28 1.711E+02.07590.103 1293.22220.68-.002956       1 0 0 12       1 0 0 02                    P 14e     3766632431 9 9 711    54.0   58.0
 20 2217.922298 1.840E-28 1.678E+02.08010.109 1307.91600.68-.002899       0 2 2 11       0 2 2 01                    P  9f     3766632431 9 9 711    34.0   38.0
 20 2218.659795 1.670E-28 1.676E+02.08110.111 1301.65090.68-.002880       0 2 2 11       0 2 2 01                    P  8e     3766632431 9 9 711    30.0   34.0
 20 2219.149620 1.670E-28 1.731E+02.07910.108 1356.86810.68-.002914       1 0 0 11       1 0 0 01                    P 10e     3766632431 9 9 711    38.0   42.0
 20 2219.367051 3.000E-28 1.721E+02.07740.105 1274.49340.68-.002938       1 0 0 12       1 0 0 02                    P 12e     3766632431 9 9 711    46.0   50.0
 20 2219.392124 1.470E-28 1.658E+02.08220.112 1296.08190.68-.002858       0 2 2 11       0 2 2 01                    P  7f     3766632431 9 9 711    26.0   30.0
 20 2220.119299 1.250E-28 1.628E+02.08340.114 1291.20900.68-.002831       0 2 2 11       0 2 2 01                    P  6e     3766632431 9 9 711    22.0   26.0
 20 2220.628159 1.430E-28 1.763E+02.08110.111 1343.68190.68-.002880       1 0 0 11       1 0 0 01                    P  8e     3766632431 9 9 711    30.0   34.0
 20 2220.841308 1.000E-28 1.561E+02.08470.116 1287.03210.69-.002795       0 2 2 11       0 2 2 01                    P  5f     3766632431 9 9 711    18.0   22.0
 20 2220.861192 2.700E-28 1.738E+02.07910.108 1258.53880.68-.002914       1 0 0 12       1 0 0 02                    P 10e     3766632431 9 9 711    38.0   42.0
 20 2221.558154 7.280E-29 1.437E+02.08620.118 1283.55140.69-.002743       0 2 2 11       0 2 2 01                    P  4e     3766632431 9 9 711    14.0   18.0
 20 2221.641807 1.040E-30 1.275E+00.06870.087 1644.03760.74-.003047       0 2 2 11       0 2 2 01                    Q 32e     3766632431 9 9 711   130.0  130.0
 20 2221.804587 1.190E-30 1.351E+00.06890.088 1621.77680.74-.003019       0 2 2 11       0 2 2 01                    Q 31f     3766632431 9 9 711   126.0  126.0
 20 2221.967515 1.370E-30 1.447E+00.06920.088 1600.20740.74-.002991       0 2 2 11       0 2 2 01                    Q 30e     3766632431 9 9 711   122.0  122.0
 20 2222.085445 1.130E-28 1.809E+02.08340.114 1333.27150.68-.002831       1 0 0 11       1 0 0 01                    P  6e     3766632431 9 9 711    22.0   26.0
 20 2222.120651 1.560E-30 1.540E+00.06940.089 1579.33590.73-.002962       0 2 2 11       0 2 2 01                    Q 29f     3766632431 9 9 711   118.0  118.0
 20 2222.269830 4.100E-29 1.119E+02.08800.120 1280.76680.70-.002656       0 2 2 11       0 2 2 01                    P  3f     3766632431 9 9 711    10.0   14.0
 20 2222.272616 1.780E-30 1.649E+00.06970.090 1559.15690.73-.002933       0 2 2 11       0 2 2 01                    Q 28e     3766632431 9 9 711   114.0  114.0
 20 2222.335066 2.310E-28 1.769E+02.08110.111 1245.35850.68-.002880       1 0 0 12       1 0 0 02                    P  8e     3766632431 9 9 711    30.0   34.0
 20 2222.415962 2.030E-30 1.773E+00.06990.091 1539.67510.73-.002903       0 2 2 11       0 2 2 01                    Q 27f     3766632431 9 9 711   110.0  110.0
 20 2222.557093 2.310E-30 1.911E+00.07020.092 1520.88660.73-.002873       0 2 2 11       0 2 2 01                    Q 26e     3766632431 9 9 711   106.0  106.0
 20 2222.690528 2.620E-30 2.063E+00.07050.093 1502.79500.72-.002843       0 2 2 11       0 2 2 01                    Q 25f     3766632431 9 9 711   102.0  102.0
 20 2222.820931 2.970E-30 2.237E+00.07090.094 1485.39730.72-.002812       0 2 2 11       0 2 2 01                    Q 24e     3766632431 9 9 711    98.0   98.0
 20 2222.944354 3.360E-30 2.433E+00.07120.095 1468.69610.72-.002780       0 2 2 11       0 2 2 01                    Q 23f     3766632431 9 9 711    94.0   94.0
 20 2223.064118 3.790E-30 2.652E+00.07160.095 1452.68940.71-.002748       0 2 2 11       0 2 2 01                    Q 22e     3766632431 9 9 711    90.0   90.0
 20 2223.177446 4.280E-30 2.910E+00.07200.096 1437.37890.71-.002715       0 2 2 11       0 2 2 01                    Q 21f     3766632431 9 9 711    86.0   86.0
 20 2223.286643 4.820E-30 3.201E+00.07250.097 1422.76340.71-.002682       0 2 2 11       0 2 2 01                    Q 20e     3766632431 9 9 711    82.0   82.0
 20 2223.389809 5.420E-30 3.537E+00.07300.098 1408.84400.70-.002648       0 2 2 11       0 2 2 01                    Q 19f     3766632431 9 9 711    78.0   78.0
 20 2223.488495 6.090E-30 3.929E+00.07350.099 1395.61980.70-.002613       0 2 2 11       0 2 2 01                    Q 18e     3766632431 9 9 711    74.0   74.0
 20 2223.521460 7.790E-29 1.890E+02.08620.118 1325.63710.69-.002743       1 0 0 11       1 0 0 01                    P  4e     3766632431 9 9 711    14.0   18.0
 20 2223.581446 6.840E-30 4.389E+00.07400.100 1383.09170.70-.002577       0 2 2 11       0 2 2 01                    Q 17f     3766632431 9 9 711    70.0   70.0
 20 2223.669665 7.690E-30 4.942E+00.07460.101 1371.25910.69-.002539       0 2 2 11       0 2 2 01                    Q 16e     3766632431 9 9 711    66.0   66.0
 20 2223.752360 8.640E-30 5.599E+00.07520.102 1360.12250.69-.002501       0 2 2 11       0 2 2 01                    Q 15f     3766632431 9 9 711    62.0   62.0
 20 2223.788651 1.820E-28 1.809E+02.08340.114 1234.95270.68-.002831       1 0 0 12       1 0 0 02                    P  6e     3766632431 9 9 711    22.0   26.0
 20 2223.830147 9.720E-30 6.401E+00.07590.103 1349.68150.68-.002461       0 2 2 11       0 2 2 01                    Q 14e     3766632431 9 9 711    58.0   58.0
 20 2223.902553 1.090E-29 7.354E+00.07660.104 1339.93660.68-.002418       0 2 2 11       0 2 2 01                    Q 13f     3766632431 9 9 711    54.0   54.0
 20 2223.969934 1.240E-29 8.646E+00.07740.105 1330.88740.68-.002374       0 2 2 11       0 2 2 01                    Q 12e     3766632431 9 9 711    50.0   50.0
 20 2224.032027 1.400E-29 1.019E+01.07820.107 1322.53430.68-.002327       0 2 2 11       0 2 2 01                    Q 11f     3766632431 9 9 711    46.0   46.0
 20 2224.089021 1.590E-29 1.221E+01.07910.108 1314.87720.68-.002277       0 2 2 11       0 2 2 01                    Q 10e     3766632431 9 9 711    42.0   42.0
 20 2224.140783 1.820E-29 1.494E+01.08010.109 1307.91600.68-.002223       0 2 2 11       0 2 2 01                    Q  9f     3766632431 9 9 711    38.0   38.0
 20 2224.187403 2.100E-29 1.868E+01.08110.111 1301.65090.68-.002165       0 2 2 11       0 2 2 01                    Q  8e     3766632431 9 9 711    34.0   34.0
 20 2224.228822 2.450E-29 2.405E+01.08220.112 1296.08190.68-.002102       0 2 2 11       0 2 2 01                    Q  7f     3766632431 9 9 711    30.0   30.0
 20 2224.265077 2.890E-29 3.196E+01.08340.114 1291.20900.68-.002032       0 2 2 11       0 2 2 01                    Q  6e     3766632431 9 9 711    26.0   26.0
 20 2224.296146 3.500E-29 4.483E+01.08470.116 1287.03210.69-.001955       0 2 2 11       0 2 2 01                    Q  5f     3766632431 9 9 711    22.0   22.0
 20 2224.322040 4.370E-29 6.727E+01.08620.118 1283.55140.69-.001868       0 2 2 11       0 2 2 01                    Q  4e     3766632431 9 9 711    18.0   18.0
 20 2224.342754 5.740E-29 1.121E+02.08800.120 1280.76680.70-.001771       0 2 2 11       0 2 2 01                    Q  3f     3766632431 9 9 711    14.0   14.0
 20 2224.358290 8.280E-29 2.241E+02.09030.123 1278.67830.69-.001660       0 2 2 11       0 2 2 01                    Q  2e     3766632431 9 9 711    10.0   10.0
 20 2224.936186 3.990E-29 2.209E+02.09030.123 1320.77890.69-.002474       1 0 0 11       1 0 0 01                    P  2e     3766632431 9 9 711     6.0   10.0
 20 2225.221925 1.260E-28 1.899E+02.08620.118 1227.32170.69-.002743       1 0 0 12       1 0 0 02                    P  4e     3766632431 9 9 711    14.0   18.0
 20 2226.431214 4.140E-29 8.017E+01.08800.120 1278.67830.70-.000885       0 2 2 11       0 2 2 01                    R  2e     3766632431 9 9 711    14.0   10.0
 20 2226.634864 6.450E-29 2.218E+02.09030.123 1222.46550.69-.002474       1 0 0 12       1 0 0 02                    P  2e     3766632431 9 9 711     6.0   10.0
 20 2227.018318 2.020E-29 1.109E+02.09490.127 1318.69670.69-.001055       1 0 0 11       1 0 0 01                    R  0e     3766632431 9 9 711     6.0    2.0
 20 2227.106641 7.380E-29 1.124E+02.08620.118 1280.76680.69-.000994       0 2 2 11       0 2 2 01                    R  3f     3766632431 9 9 711    18.0   14.0
 20 2227.776878 1.020E-28 1.289E+02.08470.116 1283.55140.69-.001115       0 2 2 11       0 2 2 01                    R  4e     3766632431 9 9 711    22.0   18.0
 20 2228.379743 5.990E-29 1.426E+02.08800.120 1320.77890.70-.000885       1 0 0 11       1 0 0 01                    R  2e     3766632431 9 9 711    14.0   10.0
 20 2228.441924 1.270E-28 1.382E+02.08340.114 1287.03210.68-.001234       0 2 2 11       0 2 2 01                    R  5f     3766632431 9 9 711    26.0   22.0
 20 2228.716096 3.250E-29 1.108E+02.09490.127 1220.38430.69-.001055       1 0 0 12       1 0 0 02                    R  0e     3766632431 9 9 711     6.0    2.0
 20 2229.101776 1.500E-28 1.444E+02.08220.112 1291.20900.68-.001345       0 2 2 11       0 2 2 01                    R  6e     3766632431 9 9 711    30.0   26.0
 20 2229.719817 9.750E-29 1.514E+02.08470.116 1325.63710.69-.001115       1 0 0 11       1 0 0 01                    R  4e     3766632431 9 9 711    22.0   18.0
 20 2229.756431 1.710E-28 1.488E+02.08110.111 1296.08190.68-.001450       0 2 2 11       0 2 2 01                    R  7f     3766632431 9 9 711    34.0   30.0
 20 2230.078099 9.670E-29 1.429E+02.08800.120 1222.46550.70-.000885       1 0 0 12       1 0 0 02                    R  2e     3766632431 9 9 711    14.0   10.0
 20 2230.405888 1.900E-28 1.521E+02.08010.109 1301.65090.68-.001548       0 2 2 11       0 2 2 01                    R  8e     3766632431 9 9 711    38.0   34.0
 20 2231.038525 1.320E-28 1.562E+02.08220.112 1333.27150.68-.001345       1 0 0 11       1 0 0 01                    R  6e     3766632431 9 9 711    30.0   26.0
 20 2231.050140 2.070E-28 1.547E+02.07910.108 1307.91600.68-.001641       0 2 2 11       0 2 2 01                    R  9f     3766632431 9 9 711    42.0   38.0
 20 2231.419684 1.570E-28 1.514E+02.08470.116 1227.32170.69-.001115       1 0 0 12       1 0 0 02                    R  4e     3766632431 9 9 711    22.0   18.0
 20 2231.689194 2.220E-28 1.567E+02.07820.107 1314.87720.68-.001728       0 2 2 11       0 2 2 01                    R 10e     3766632431 9 9 711    46.0   42.0
 20 2232.323033 2.340E-28 1.579E+02.07740.105 1322.53430.68-.001811       0 2 2 11       0 2 2 01                    R 11f     3766632431 9 9 711    50.0   46.0
 20 2232.335849 1.610E-28 1.584E+02.08010.109 1343.68190.68-.001548       1 0 0 11       1 0 0 01                    R  8e     3766632431 9 9 711    38.0   34.0
 20 2232.740830 2.120E-28 1.558E+02.08220.112 1234.95270.68-.001345       1 0 0 12       1 0 0 02                    R  6e     3766632431 9 9 711    30.0   26.0
 20 2232.951676 2.450E-28 1.595E+02.07660.104 1330.88740.68-.001890       0 2 2 11       0 2 2 01                    R 12e     3766632431 9 9 711    54.0   50.0
 20 2233.575088 2.530E-28 1.603E+02.07590.103 1339.93660.68-.001965       0 2 2 11       0 2 2 01                    R 13f     3766632431 9 9 711    58.0   54.0
 20 2233.611773 1.840E-28 1.596E+02.07820.107 1356.86810.68-.001728       1 0 0 11       1 0 0 01                    R 10e     3766632431 9 9 711    46.0   42.0
 20 2234.041511 2.600E-28 1.588E+02.08010.109 1245.35850.68-.001548       1 0 0 12       1 0 0 02                    R  8e     3766632431 9 9 711    38.0   34.0
 20 2234.193315 2.590E-28 1.610E+02.07520.102 1349.68150.69-.002037       0 2 2 11       0 2 2 01                    R 14e     3766632431 9 9 711    62.0   58.0
 20 2234.806286 2.630E-28 1.617E+02.07460.101 1360.12250.69-.002107       0 2 2 11       0 2 2 01                    R 15f     3766632431 9 9 711    66.0   62.0
 20 2234.866281 2.010E-28 1.607E+02.07660.104 1372.83000.68-.001890       1 0 0 11       1 0 0 01                    R 12e     3766632431 9 9 711    54.0   50.0
 20 2235.321704 2.970E-28 1.600E+02.07820.107 1258.53880.68-.001728       1 0 0 12       1 0 0 02                    R 10e     3766632431 9 9 711    46.0   42.0
 20 2235.414093 2.660E-28 1.629E+02.07400.100 1371.25910.70-.002174       0 2 2 11       0 2 2 01                    R 16e     3766632431 9 9 711    70.0   66.0
 20 2236.016607 2.660E-28 1.633E+02.07350.099 1383.09170.70-.002238       0 2 2 11       0 2 2 01                    R 17f     3766632431 9 9 711    74.0   70.0
 20 2236.099357 2.120E-28 1.619E+02.07520.102 1391.56750.69-.002037       1 0 0 11       1 0 0 01                    R 14e     3766632431 9 9 711    62.0   58.0
 20 2236.581382 3.250E-28 1.613E+02.07660.104 1274.49340.68-.001890       1 0 0 12       1 0 0 02                    R 12e     3766632431 9 9 711    54.0   50.0
 20 2236.613991 2.650E-28 1.641E+02.07300.098 1395.61980.70-.002301       0 2 2 11       0 2 2 01                    R 18e     3766632431 9 9 711    78.0   74.0
 20 2237.206031 2.610E-28 1.640E+02.07250.097 1408.84400.71-.002361       0 2 2 11       0 2 2 01                    R 19f     3766632431 9 9 711    82.0   78.0
 20 2237.310986 2.170E-28 1.631E+02.07400.100 1413.08010.70-.002174       1 0 0 11       1 0 0 01                    R 16e     3766632431 9 9 711    70.0   66.0
 20 2237.792992 2.570E-28 1.649E+02.07200.096 1422.76340.71-.002420       0 2 2 11       0 2 2 01                    R 20e     3766632431 9 9 711    86.0   82.0
 20 2237.820522 3.430E-28 1.626E+02.07520.102 1293.22220.69-.002037       1 0 0 12       1 0 0 02                    R 14e     3766632431 9 9 711    62.0   58.0
 20 2238.374540 2.510E-28 1.653E+02.07160.095 1437.37890.71-.002477       0 2 2 11       0 2 2 01                    R 21f     3766632431 9 9 711    90.0   86.0
 20 2238.501153 2.150E-28 1.634E+02.07300.098 1437.36780.70-.002301       1 0 0 11       1 0 0 01                    R 18e     3766632431 9 9 711    78.0   74.0
 20 2238.951078 2.440E-28 1.658E+02.07120.095 1452.68940.72-.002533       0 2 2 11       0 2 2 01                    R 22e     3766632431 9 9 711    94.0   90.0
 20 2239.039099 3.500E-28 1.633E+02.07400.100 1314.72460.70-.002174       1 0 0 12       1 0 0 02                    R 16e     3766632431 9 9 711    70.0   66.0
 20 2239.522112 2.350E-28 1.657E+02.07090.094 1468.69610.72-.002587       0 2 2 11       0 2 2 01                    R 23f     3766632431 9 9 711    98.0   94.0
 20 2239.669842 2.090E-28 1.645E+02.07200.096 1464.43020.71-.002420       1 0 0 11       1 0 0 01                    R 20e     3766632431 9 9 711    86.0   82.0
 20 2240.088234 2.260E-28 1.661E+02.07050.093 1485.39730.72-.002640       0 2 2 11       0 2 2 01                    R 24e     3766632431 9 9 711   102.0   98.0
 20 2240.237086 3.470E-28 1.637E+02.07300.098 1339.00050.70-.002301       1 0 0 12       1 0 0 02                    R 18e     3766632431 9 9 711    78.0   74.0
 20 2240.648730 2.160E-28 1.663E+02.07020.092 1502.79500.73-.002691       0 2 2 11       0 2 2 01                    R 25f     3766632431 9 9 711   106.0  102.0
 20 2240.817040 1.970E-28 1.641E+02.07120.095 1494.26690.72-.002533       1 0 0 11       1 0 0 01                    R 22e     3766632431 9 9 711    94.0   90.0
 20 2241.204443 2.060E-28 1.670E+02.06990.091 1520.88660.73-.002742       0 2 2 11       0 2 2 01                    R 26e     3766632431 9 9 711   110.0  106.0
 20 2241.414458 3.370E-28 1.646E+02.07200.096 1366.04930.71-.002420       1 0 0 12       1 0 0 02                    R 20e     3766632431 9 9 711    86.0   82.0
 20 2241.754374 1.950E-28 1.672E+02.06970.090 1539.67510.73-.002791       0 2 2 11       0 2 2 01                    R 27f     3766632431 9 9 711   114.0  110.0
 20 2241.942732 1.830E-28 1.648E+02.07050.093 1526.87760.72-.002640       1 0 0 11       1 0 0 01                    R 24e     3766632431 9 9 711   102.0   98.0
 20 2242.299689 1.830E-28 1.667E+02.06940.089 1559.15690.73-.002839       0 2 2 11       0 2 2 01                    R 28e     3766632431 9 9 711   118.0  114.0
 20 2242.571189 3.190E-28 1.650E+02.07120.095 1395.87070.72-.002533       1 0 0 12       1 0 0 02                    R 22e     3766632431 9 9 711    94.0   90.0
 20 2242.839026 1.720E-28 1.673E+02.06920.088 1579.33590.74-.002886       0 2 2 11       0 2 2 01                    R 29f     3766632431 9 9 711   122.0  118.0
 20 2243.046903 1.670E-28 1.658E+02.06990.091 1562.26190.73-.002742       1 0 0 11       1 0 0 01                    R 26e     3766632431 9 9 711   110.0  106.0
 20 2243.373955 1.610E-28 1.679E+02.06890.088 1600.20740.74-.002932       0 2 2 11       0 2 2 01                    R 30e     3766632431 9 9 711   126.0  122.0
 20 2243.707254 2.960E-28 1.655E+02.07050.093 1428.46400.72-.002640       1 0 0 12       1 0 0 02                    R 24e     3766632431 9 9 711   102.0   98.0
 20 2243.902666 1.490E-28 1.673E+02.06870.087 1621.77680.74-.002977       0 2 2 11       0 2 2 01                    R 31f     3766632431 9 9 711   130.0  126.0
 20 2244.129540 1.490E-28 1.662E+02.06940.089 1600.41930.73-.002839       1 0 0 11       1 0 0 01                    R 28e     3766632431 9 9 711   118.0  114.0
 20 2244.427227 1.380E-28 1.676E+02.06850.086 1644.03760.74-.003021       0 2 2 11       0 2 2 01                    R 32e     3766632431 9 9 711   134.0  130.0
 20 2244.822625 2.690E-28 1.658E+02.06990.091 1463.82890.73-.002742       1 0 0 12       1 0 0 02                    R 26e     3766632431 9 9 711   110.0  106.0
 20 2244.945276 1.280E-28 1.688E+02.06830.085 1666.99710.74-.003064       0 2 2 11       0 2 2 01                    R 33f     3766632431 9 9 711   138.0  134.0
 20 2245.190630 1.300E-28 1.658E+02.06890.088 1641.34930.74-.002932       1 0 0 11       1 0 0 01                    R 30e     3766632431 9 9 711   126.0  122.0
 20 2245.459490 1.170E-28 1.683E+02.06810.084 1690.64690.74-.003106       0 2 2 11       0 2 2 01                    R 34e     3766632431 9 9 711   142.0  138.0
 20 2245.917277 2.400E-28 1.661E+02.06940.089 1501.96460.73-.002839       1 0 0 12       1 0 0 02                    R 28e     3766632431 9 9 711   118.0  114.0
 20 2245.966837 1.070E-28 1.686E+02.06800.084 1714.99620.74-.003147       0 2 2 11       0 2 2 01                    R 35f     3766632431 9 9 711   146.0  142.0
 20 2246.230159 1.120E-28 1.663E+02.06850.086 1685.05150.74-.003021       1 0 0 11       1 0 0 01                    R 32e     3766632431 9 9 711   134.0  130.0
 20 2246.470730 9.730E-29 1.686E+02.06780.083 1740.03440.74-.003188       0 2 2 11       0 2 2 01                    R 36e     3766632431 9 9 711   150.0  146.0
 20 2246.967332 8.820E-29 1.688E+02.06760.082 1765.77330.75-.003227       0 2 2 11       0 2 2 01                    R 37f     3766632431 9 9 711   154.0  150.0
 20 2246.991182 2.100E-28 1.662E+02.06890.088 1542.87050.74-.002932       1 0 0 12       1 0 0 02                    R 30e     3766632431 9 9 711   126.0  122.0
 20 2247.248115 9.480E-29 1.666E+02.06810.084 1731.52530.74-.003106       1 0 0 11       1 0 0 01                    R 34e     3766632431 9 9 711   142.0  138.0
 20 2247.460932 7.960E-29 1.689E+02.06750.081 1792.19940.75-.003266       0 2 2 11       0 2 2 01                    R 38e     3766632431 9 9 711   158.0  154.0
 20 2247.946742 7.160E-29 1.691E+02.06730.080 1819.32770.75-.003304       0 2 2 11       0 2 2 01                    R 39f     3766632431 9 9 711   162.0  158.0
 20 2248.044314 1.810E-28 1.667E+02.06850.086 1586.54600.74-.003021       1 0 0 12       1 0 0 02                    R 32e     3766632431 9 9 711   134.0  130.0
 20 2248.244484 7.890E-29 1.669E+02.06780.083 1780.77010.74-.003188       1 0 0 11       1 0 0 01                    R 36e     3766632431 9 9 711   150.0  146.0
 20 2248.430083 6.410E-29 1.692E+02.06710.080 1847.14120.75-.003342       0 2 2 11       0 2 2 01                    R 40e     3766632431 9 9 711   166.0  162.0
 20 2248.905050 5.710E-29 1.692E+02.06700.079 1875.65870.75-.003379       0 2 2 11       0 2 2 01                    R 41f     3765632431 9 9 711   170.0  166.0
 20 2249.076645 1.530E-28 1.668E+02.06810.084 1632.99030.74-.003106       1 0 0 12       1 0 0 02                    R 34e     3766632431 9 9 711   142.0  138.0
 20 2249.219255 6.460E-29 1.672E+02.06750.081 1832.78530.75-.003266       1 0 0 11       1 0 0 01                    R 38e     3766632431 9 9 711   158.0  154.0
 20 2249.378169 5.080E-29 1.695E+02.06680.078 1904.85880.75-.003415       0 2 2 11       0 2 2 01                    R 42e     3765632431 9 9 711   174.0  170.0
 20 2249.842237 4.490E-29 1.695E+02.06660.077 1934.76520.74-.003450       0 2 2 11       0 2 2 01                    R 43f     3765632431 9 9 711   178.0  174.0
 20 2250.088148 1.280E-28 1.680E+02.06780.083 1682.20270.74-.003188       1 0 0 12       1 0 0 02                    R 36e     3766632431 9 9 711   150.0  146.0
 20 2250.172415 5.200E-29 1.674E+02.06710.080 1887.57030.75-.003342       1 0 0 11       1 0 0 01                    R 40e     3766632431 9 9 711   166.0  162.0
 20 2250.305177 3.960E-29 1.697E+02.06650.077 1965.35140.74-.003485       0 2 2 11       0 2 2 01                    R 44e     3765632431 9 9 711   182.0  178.0
 20 2250.758286 3.480E-29 1.699E+02.06630.076 1996.64650.74-.003519       0 2 2 11       0 2 2 01                    R 45f     3765632431 9 9 711   186.0  182.0
 20 2251.078796 1.040E-28 1.670E+02.06750.081 1734.18230.75-.003266       1 0 0 12       1 0 0 02                    R 38e     3766632431 9 9 711   158.0  154.0
 20 2251.103953 4.130E-29 1.679E+02.06680.078 1945.12430.75-.003415       1 0 0 11       1 0 0 01                    R 42e     3765632431 9 9 711   174.0  170.0
 20 2251.211096 3.040E-29 1.698E+02.06610.075 2028.61800.74-.003552       0 2 2 11       0 2 2 01                    R 46e     3765632431 9 9 711   190.0  186.0
 20 2251.653180 2.650E-29 1.700E+02.06590.075 2061.30160.74-.003585       0 2 2 11       0 2 2 01                    R 47f     3765632431 9 9 711   194.0  190.0
 20 2252.013857 3.220E-29 1.679E+02.06650.077 2005.44670.74-.003485       1 0 0 11       1 0 0 01                    R 44e     3765632431 9 9 711   182.0  178.0
 20 2252.048561 8.400E-29 1.676E+02.06710.080 1788.92820.75-.003342       1 0 0 12       1 0 0 02                    R 40e     3766632431 9 9 711   166.0  162.0
 20 2252.095913 2.300E-29 1.701E+02.06570.074 2094.65770.74-.003618       0 2 2 11       0 2 2 01                    R 48e     3765632431 9 9 711   198.0  194.0
 20 2252.526901 1.990E-29 1.703E+02.06550.074 2128.72960.74-.003649       0 2 2 11       0 2 2 01                    R 49f     3765632431 9 9 711   202.0  198.0
 20 2252.902116 2.470E-29 1.678E+02.06610.075 2068.53670.74-.003552       1 0 0 11       1 0 0 01                    R 46e     3765632431 9 9 711   190.0  186.0
 20 2252.997414 6.660E-29 1.678E+02.06680.078 1846.43950.75-.003415       1 0 0 12       1 0 0 02                    R 42e     3765632431 9 9 711   174.0  170.0
 20 2253.768720 1.870E-29 1.680E+02.06570.074 2134.39350.74-.003618       1 0 0 11       1 0 0 01                    R 48e     3765632431 9 9 711   198.0  194.0
 20 2253.925328 5.200E-29 1.681E+02.06650.077 1906.71530.74-.003485       1 0 0 12       1 0 0 02                    R 44e     3765632431 9 9 711   182.0  178.0
 20 2254.613656 1.409E-29 1.700E+02.06530.073 2203.01640.74-.003681       1 0 0 11       1 0 0 01                    R 50e     3355532430 9 9 711   206.0  202.0
 20 2254.832275 4.000E-29 1.684E+02.06610.075 1969.75460.74-.003552       1 0 0 12       1 0 0 02                    R 46e     3765632431 9 9 711   190.0  186.0
 20 2255.436916 1.033E-29 1.699E+02.06490.072 2274.40440.73-.003741       1 0 0 11       1 0 0 01                    R 52e     3355532430 9 9 711   214.0  210.0
 20 2255.718225 3.030E-29 1.687E+02.06570.074 2035.55630.74-.003618       1 0 0 12       1 0 0 02                    R 48e     3765632431 9 9 711   198.0  194.0
 20 2256.238490 7.463E-30 1.697E+02.06450.071 2348.55670.73-.003800       1 0 0 11       1 0 0 01                    R 54e     3355532430 9 9 711   222.0  218.0
 20 2256.583150 2.277E-29 1.702E+02.06530.073 2104.11930.74-.003681       1 0 0 12       1 0 0 02                    R 50e     3355532430 9 9 711   206.0  202.0
 20 2257.018366 5.312E-30 1.696E+02.06400.070 2425.47230.72-.003857       1 0 0 11       1 0 0 01                    R 56e     3355532430 9 9 711   230.0  226.0
 20 2257.427021 1.669E-29 1.699E+02.06490.072 2175.44250.73-.003741       1 0 0 12       1 0 0 02                    R 52e     3355532430 9 9 711   214.0  210.0
 20 2257.776536 3.726E-30 1.695E+02.06350.069 2505.15030.72-.003912       1 0 0 11       1 0 0 01                    R 58e     3355532430 9 9 711   238.0  234.0
 20 2258.249810 1.206E-29 1.698E+02.06450.071 2249.52470.73-.003800       1 0 0 12       1 0 0 02                    R 54e     3355532430 9 9 711   222.0  218.0
 20 2258.512991 2.575E-30 1.693E+02.06290.069 2587.58980.71-.003966       1 0 0 11       1 0 0 01                    R 60e     3355532430 9 9 711   246.0  242.0
 20 2259.051486 8.587E-30 1.697E+02.06400.070 2326.36460.72-.003857       1 0 0 12       1 0 0 02                    R 56e     3355532430 9 9 711   230.0  226.0
 20 2259.227721 1.755E-30 1.692E+02.06230.068 2672.78970.71-.004017       1 0 0 11       1 0 0 01                    R 62e     3355532430 9 9 711   254.0  250.0
 20 2259.832021 6.024E-30 1.695E+02.06350.069 2405.96110.72-.003912       1 0 0 12       1 0 0 02                    R 58e     3355532430 9 9 711   238.0  234.0
 20 2259.920718 1.178E-30 1.689E+02.06170.067 2760.74900.70-.004067       1 0 0 11       1 0 0 01                    R 64e     3355532430 9 9 711   262.0  258.0
 20 2260.591386 4.166E-30 1.693E+02.06290.069 2488.31270.71-.003966       1 0 0 12       1 0 0 02                    R 60e     3355532430 9 9 711   246.0  242.0
 20 2261.329549 2.839E-30 1.691E+02.06230.068 2573.41810.71-.004017       1 0 0 12       1 0 0 02                    R 62e     3355532430 9 9 711   254.0  250.0
 20 2262.046482 1.907E-30 1.689E+02.06170.067 2661.27590.70-.004067       1 0 0 12       1 0 0 02                    R 64e     3355532430 9 9 711   262.0  258.0
 20 2262.742155 1.263E-30 1.687E+02.06110.067 2751.88480.70-.004116       1 0 0 12       1 0 0 02                    R 66e     3355532430 9 9 711   270.0  266.0
