 2A 1022.679737           1.900E-01                                       0 0 0 11       1 0 0 02                    P  1e                                      
 2A 1021.959711           1.900E-01                                       0 0 0 11       1 0 0 02                    P  2e                                      
 2A 1021.233917           1.900E-01                                       0 0 0 11       1 0 0 02                    P  3e                                      
 2A 1020.502360           1.900E-01                                       0 0 0 11       1 0 0 02                    P  4e                                      
 2A 1019.765043           1.900E-01                                       0 0 0 11       1 0 0 02                    P  5e                                      
 2A 1019.021972           1.900E-01                                       0 0 0 11       1 0 0 02                    P  6e                                      
 2A 1018.273152           1.900E-01                                       0 0 0 11       1 0 0 02                    P  7e                                      
 2A 1017.518590           1.900E-01                                       0 0 0 11       1 0 0 02                    P  8e                                      
 2A 1016.758290           1.900E-01                                       0 0 0 11       1 0 0 02                    P  9e                                      
 2A 1015.992261           1.900E-01                                       0 0 0 11       1 0 0 02                    P 10e                                      
 2A 1015.220509           1.900E-01                                       0 0 0 11       1 0 0 02                    P 11e                                      
 2A 1014.443043           1.900E-01                                       0 0 0 11       1 0 0 02                    P 12e                                      
 2A 1013.659870           1.900E-01                                       0 0 0 11       1 0 0 02                    P 13e                                      
 2A 1012.871000           1.900E-01                                       0 0 0 11       1 0 0 02                    P 14e                                      
 2A 1012.076440           1.900E-01                                       0 0 0 11       1 0 0 02                    P 15e                                      
 2A 1011.276202           1.900E-01                                       0 0 0 11       1 0 0 02                    P 16e                                      
 2A 1010.470294           1.900E-01                                       0 0 0 11       1 0 0 02                    P 17e                                      
 2A 1009.658728           1.900E-01                                       0 0 0 11       1 0 0 02                    P 18e                                      
 2A 1008.841514           1.900E-01                                       0 0 0 11       1 0 0 02                    P 19e                                      
 2A 1008.018663           1.900E-01                                       0 0 0 11       1 0 0 02                    P 20e                                      
 2A 1007.190188           1.900E-01                                       0 0 0 11       1 0 0 02                    P 21e                                      
 2A 1006.356101           1.900E-01                                       0 0 0 11       1 0 0 02                    P 22e                                      
 2A 1005.516414           1.900E-01                                       0 0 0 11       1 0 0 02                    P 23e                                      
 2A 1004.671140           1.900E-01                                       0 0 0 11       1 0 0 02                    P 24e                                      
 2A 1003.820293           1.900E-01                                       0 0 0 11       1 0 0 02                    P 25e                                      
 2A 1002.963888           1.900E-01                                       0 0 0 11       1 0 0 02                    P 26e                                      
 2A 1002.101938           1.900E-01                                       0 0 0 11       1 0 0 02                    P 27e                                      
 2A 1001.234458           1.900E-01                                       0 0 0 11       1 0 0 02                    P 28e                                      
 2A 1000.361464           1.900E-01                                       0 0 0 11       1 0 0 02                    P 29e                                      
 2A  999.482971           1.900E-01                                       0 0 0 11       1 0 0 02                    P 30e                                      
 2A  998.598996           1.900E-01                                       0 0 0 11       1 0 0 02                    P 31e                                      
 2A  997.709554           1.900E-01                                       0 0 0 11       1 0 0 02                    P 32e                                      
 2A  996.814663           1.900E-01                                       0 0 0 11       1 0 0 02                    P 33e                                      
 2A  995.914341           1.900E-01                                       0 0 0 11       1 0 0 02                    P 34e                                      
 2A  995.008604           1.900E-01                                       0 0 0 11       1 0 0 02                    P 35e                                      
 2A  994.097471           1.900E-01                                       0 0 0 11       1 0 0 02                    P 36e                                      
 2A  993.180961           1.900E-01                                       0 0 0 11       1 0 0 02                    P 37e                                      
 2A  992.259092           1.900E-01                                       0 0 0 11       1 0 0 02                    P 38e                                      
 2A  991.331883           1.900E-01                                       0 0 0 11       1 0 0 02                    P 39e                                      
 2A  990.399355           1.900E-01                                       0 0 0 11       1 0 0 02                    P 40e                                      
 2A  989.461528           1.900E-01                                       0 0 0 11       1 0 0 02                    P 41e                                      
 2A  988.518421           1.900E-01                                       0 0 0 11       1 0 0 02                    P 42e                                      
 2A  987.570055           1.900E-01                                       0 0 0 11       1 0 0 02                    P 43e                                      
 2A  986.616452           1.900E-01                                       0 0 0 11       1 0 0 02                    P 44e                                      
 2A  985.657633           1.900E-01                                       0 0 0 11       1 0 0 02                    P 45e                                      
 2A  984.693620           1.900E-01                                       0 0 0 11       1 0 0 02                    P 46e                                      
 2A  983.724434           1.900E-01                                       0 0 0 11       1 0 0 02                    P 47e                                      
 2A  982.750099           1.900E-01                                       0 0 0 11       1 0 0 02                    P 48e                                      
 2A  981.770637           1.900E-01                                       0 0 0 11       1 0 0 02                    P 49e                                      
 2A  980.786071           1.900E-01                                       0 0 0 11       1 0 0 02                    P 50e                                      
 2A  979.796424           1.900E-01                                       0 0 0 11       1 0 0 02                    P 51e                                      
 2A  978.801721           1.900E-01                                       0 0 0 11       1 0 0 02                    P 52e                                      
 2A  977.801984           1.900E-01                                       0 0 0 11       1 0 0 02                    P 53e                                      
 2A  976.797239           1.900E-01                                       0 0 0 11       1 0 0 02                    P 54e                                      
 2A  975.787510           1.900E-01                                       0 0 0 11       1 0 0 02                    P 55e                                      
 2A  974.772820           1.900E-01                                       0 0 0 11       1 0 0 02                    P 56e                                      
 2A  973.753197           1.900E-01                                       0 0 0 11       1 0 0 02                    P 57e                                      
 2A  972.728664           1.900E-01                                       0 0 0 11       1 0 0 02                    P 58e                                      
 2A  971.699247           1.900E-01                                       0 0 0 11       1 0 0 02                    P 59e                                      
 2A  970.664971           1.900E-01                                       0 0 0 11       1 0 0 02                    P 60e                                      
 2A  969.625863           1.900E-01                                       0 0 0 11       1 0 0 02                    P 61e                                      
 2A  968.581949           1.900E-01                                       0 0 0 11       1 0 0 02                    P 62e                                      
 2A  967.533254           1.900E-01                                       0 0 0 11       1 0 0 02                    P 63e                                      
 2A  966.479806           1.900E-01                                       0 0 0 11       1 0 0 02                    P 64e                                      
 2A  965.421630           1.900E-01                                       0 0 0 11       1 0 0 02                    P 65e                                      
 2A  964.358754           1.900E-01                                       0 0 0 11       1 0 0 02                    P 66e                                      
 2A  963.291204           1.900E-01                                       0 0 0 11       1 0 0 02                    P 67e                                      
 2A  962.219007           1.900E-01                                       0 0 0 11       1 0 0 02                    P 68e                                      
 2A  961.142190           1.900E-01                                       0 0 0 11       1 0 0 02                    P 69e                                      
 2A  960.060780           1.900E-01                                       0 0 0 11       1 0 0 02                    P 70e                                      
 2A  958.974805           1.900E-01                                       0 0 0 11       1 0 0 02                    P 71e                                      
 2A  957.884291           1.900E-01                                       0 0 0 11       1 0 0 02                    P 72e                                      
 2A  956.789266           1.900E-01                                       0 0 0 11       1 0 0 02                    P 73e                                      
 2A  955.689757           1.900E-01                                       0 0 0 11       1 0 0 02                    P 74e                                      
 2A  954.585791           1.900E-01                                       0 0 0 11       1 0 0 02                    P 75e                                      
 2A  953.477395           1.900E-01                                       0 0 0 11       1 0 0 02                    P 76e                                      
 2A  952.364597           1.900E-01                                       0 0 0 11       1 0 0 02                    P 77e                                      
 2A  951.247424           1.900E-01                                       0 0 0 11       1 0 0 02                    P 78e                                      
 2A  950.125902           1.900E-01                                       0 0 0 11       1 0 0 02                    P 79e                                      
 2A  949.000059           1.900E-01                                       0 0 0 11       1 0 0 02                    P 80e                                      
 2A  947.869922           1.900E-01                                       0 0 0 11       1 0 0 02                    P 81e                                      
 2A  946.735517           1.900E-01                                       0 0 0 11       1 0 0 02                    P 82e                                      
 2A  945.596871           1.900E-01                                       0 0 0 11       1 0 0 02                    P 83e                                      
 2A  944.454009           1.900E-01                                       0 0 0 11       1 0 0 02                    P 84e                                      
 2A  943.306959           1.900E-01                                       0 0 0 11       1 0 0 02                    P 85e                                      
 2A  942.155746           1.900E-01                                       0 0 0 11       1 0 0 02                    P 86e                                      
 2A  941.000395           1.900E-01                                       0 0 0 11       1 0 0 02                    P 87e                                      
 2A  939.840932           1.900E-01                                       0 0 0 11       1 0 0 02                    P 88e                                      
 2A  938.677383           1.900E-01                                       0 0 0 11       1 0 0 02                    P 89e                                      
 2A  937.509770           1.900E-01                                       0 0 0 11       1 0 0 02                    P 90e                                      
 2A  936.338120           1.900E-01                                       0 0 0 11       1 0 0 02                    P 91e                                      
 2A  935.162455           1.900E-01                                       0 0 0 11       1 0 0 02                    P 92e                                      
 2A  933.982800           1.900E-01                                       0 0 0 11       1 0 0 02                    P 93e                                      
 2A  932.799176           1.900E-01                                       0 0 0 11       1 0 0 02                    P 94e                                      
 2A  931.611608           1.900E-01                                       0 0 0 11       1 0 0 02                    P 95e                                      
 2A  930.420116           1.900E-01                                       0 0 0 11       1 0 0 02                    P 96e                                      
 2A  929.224722           1.900E-01                                       0 0 0 11       1 0 0 02                    P 97e                                      
 2A  928.025448           1.900E-01                                       0 0 0 11       1 0 0 02                    P 98e                                      
 2A  926.822312           1.900E-01                                       0 0 0 11       1 0 0 02                    P 99e                                      
 2A  925.615336           1.900E-01                                       0 0 0 11       1 0 0 02                    P 100e                                     
 2A 1024.102470           1.900E-01                                       0 0 0 11       1 0 0 02                    R  0e                                      
 2A 1024.805173           1.900E-01                                       0 0 0 11       1 0 0 02                    R  1e                                      
 2A 1025.502096           1.900E-01                                       0 0 0 11       1 0 0 02                    R  2e                                      
 2A 1026.193238           1.900E-01                                       0 0 0 11       1 0 0 02                    R  3e                                      
 2A 1026.878597           1.900E-01                                       0 0 0 11       1 0 0 02                    R  4e                                      
 2A 1027.558173           1.900E-01                                       0 0 0 11       1 0 0 02                    R  5e                                      
 2A 1028.231966           1.900E-01                                       0 0 0 11       1 0 0 02                    R  6e                                      
 2A 1028.899975           1.900E-01                                       0 0 0 11       1 0 0 02                    R  7e                                      
 2A 1029.562201           1.900E-01                                       0 0 0 11       1 0 0 02                    R  8e                                      
 2A 1030.218645           1.900E-01                                       0 0 0 11       1 0 0 02                    R  9e                                      
 2A 1030.869309           1.900E-01                                       0 0 0 11       1 0 0 02                    R 10e                                      
 2A 1031.514194           1.900E-01                                       0 0 0 11       1 0 0 02                    R 11e                                      
 2A 1032.153303           1.900E-01                                       0 0 0 11       1 0 0 02                    R 12e                                      
 2A 1032.786640           1.900E-01                                       0 0 0 11       1 0 0 02                    R 13e                                      
 2A 1033.414206           1.900E-01                                       0 0 0 11       1 0 0 02                    R 14e                                      
 2A 1034.036006           1.900E-01                                       0 0 0 11       1 0 0 02                    R 15e                                      
 2A 1034.652045           1.900E-01                                       0 0 0 11       1 0 0 02                    R 16e                                      
 2A 1035.262327           1.900E-01                                       0 0 0 11       1 0 0 02                    R 17e                                      
 2A 1035.866856           1.900E-01                                       0 0 0 11       1 0 0 02                    R 18e                                      
 2A 1036.465640           1.900E-01                                       0 0 0 11       1 0 0 02                    R 19e                                      
 2A 1037.058683           1.900E-01                                       0 0 0 11       1 0 0 02                    R 20e                                      
 2A 1037.645992           1.900E-01                                       0 0 0 11       1 0 0 02                    R 21e                                      
 2A 1038.227574           1.900E-01                                       0 0 0 11       1 0 0 02                    R 22e                                      
 2A 1038.803437           1.900E-01                                       0 0 0 11       1 0 0 02                    R 23e                                      
 2A 1039.373588           1.900E-01                                       0 0 0 11       1 0 0 02                    R 24e                                      
 2A 1039.938036           1.900E-01                                       0 0 0 11       1 0 0 02                    R 25e                                      
 2A 1040.496789           1.900E-01                                       0 0 0 11       1 0 0 02                    R 26e                                      
 2A 1041.049856           1.900E-01                                       0 0 0 11       1 0 0 02                    R 27e                                      
 2A 1041.597246           1.900E-01                                       0 0 0 11       1 0 0 02                    R 28e                                      
 2A 1042.138971           1.900E-01                                       0 0 0 11       1 0 0 02                    R 29e                                      
 2A 1042.675039           1.900E-01                                       0 0 0 11       1 0 0 02                    R 30e                                      
 2A 1043.205463           1.900E-01                                       0 0 0 11       1 0 0 02                    R 31e                                      
 2A 1043.730252           1.900E-01                                       0 0 0 11       1 0 0 02                    R 32e                                      
 2A 1044.249419           1.900E-01                                       0 0 0 11       1 0 0 02                    R 33e                                      
 2A 1044.762976           1.900E-01                                       0 0 0 11       1 0 0 02                    R 34e                                      
 2A 1045.270935           1.900E-01                                       0 0 0 11       1 0 0 02                    R 35e                                      
 2A 1045.773309           1.900E-01                                       0 0 0 11       1 0 0 02                    R 36e                                      
 2A 1046.270110           1.900E-01                                       0 0 0 11       1 0 0 02                    R 37e                                      
 2A 1046.761354           1.900E-01                                       0 0 0 11       1 0 0 02                    R 38e                                      
 2A 1047.247052           1.900E-01                                       0 0 0 11       1 0 0 02                    R 39e                                      
 2A 1047.727221           1.900E-01                                       0 0 0 11       1 0 0 02                    R 40e                                      
 2A 1048.201875           1.900E-01                                       0 0 0 11       1 0 0 02                    R 41e                                      
 2A 1048.671028           1.900E-01                                       0 0 0 11       1 0 0 02                    R 42e                                      
 2A 1049.134696           1.900E-01                                       0 0 0 11       1 0 0 02                    R 43e                                      
 2A 1049.592894           1.900E-01                                       0 0 0 11       1 0 0 02                    R 44e                                      
 2A 1050.045640           1.900E-01                                       0 0 0 11       1 0 0 02                    R 45e                                      
 2A 1050.492949           1.900E-01                                       0 0 0 11       1 0 0 02                    R 46e                                      
 2A 1050.934839           1.900E-01                                       0 0 0 11       1 0 0 02                    R 47e                                      
 2A 1051.371326           1.900E-01                                       0 0 0 11       1 0 0 02                    R 48e                                      
 2A 1051.802427           1.900E-01                                       0 0 0 11       1 0 0 02                    R 49e                                      
 2A 1052.228161           1.900E-01                                       0 0 0 11       1 0 0 02                    R 50e                                      
 2A 1052.648545           1.900E-01                                       0 0 0 11       1 0 0 02                    R 51e                                      
 2A 1053.063599           1.900E-01                                       0 0 0 11       1 0 0 02                    R 52e                                      
 2A 1053.473340           1.900E-01                                       0 0 0 11       1 0 0 02                    R 53e                                      
 2A 1053.877787           1.900E-01                                       0 0 0 11       1 0 0 02                    R 54e                                      
 2A 1054.276959           1.900E-01                                       0 0 0 11       1 0 0 02                    R 55e                                      
 2A 1054.670877           1.900E-01                                       0 0 0 11       1 0 0 02                    R 56e                                      
 2A 1055.059559           1.900E-01                                       0 0 0 11       1 0 0 02                    R 57e                                      
 2A 1055.443026           1.900E-01                                       0 0 0 11       1 0 0 02                    R 58e                                      
 2A 1055.821297           1.900E-01                                       0 0 0 11       1 0 0 02                    R 59e                                      
 2A 1056.194393           1.900E-01                                       0 0 0 11       1 0 0 02                    R 60e                                      
 2A 1056.562335           1.900E-01                                       0 0 0 11       1 0 0 02                    R 61e                                      
 2A 1056.925143           1.900E-01                                       0 0 0 11       1 0 0 02                    R 62e                                      
 2A 1057.282838           1.900E-01                                       0 0 0 11       1 0 0 02                    R 63e                                      
 2A 1057.635441           1.900E-01                                       0 0 0 11       1 0 0 02                    R 64e                                      
 2A 1057.982974           1.900E-01                                       0 0 0 11       1 0 0 02                    R 65e                                      
 2A 1058.325457           1.900E-01                                       0 0 0 11       1 0 0 02                    R 66e                                      
 2A 1058.662913           1.900E-01                                       0 0 0 11       1 0 0 02                    R 67e                                      
 2A 1058.995363           1.900E-01                                       0 0 0 11       1 0 0 02                    R 68e                                      
 2A 1059.322828           1.900E-01                                       0 0 0 11       1 0 0 02                    R 69e                                      
 2A 1059.645331           1.900E-01                                       0 0 0 11       1 0 0 02                    R 70e                                      
 2A 1059.962893           1.900E-01                                       0 0 0 11       1 0 0 02                    R 71e                                      
 2A 1060.275536           1.900E-01                                       0 0 0 11       1 0 0 02                    R 72e                                      
 2A 1060.583282           1.900E-01                                       0 0 0 11       1 0 0 02                    R 73e                                      
 2A 1060.886153           1.900E-01                                       0 0 0 11       1 0 0 02                    R 74e                                      
 2A 1061.184171           1.900E-01                                       0 0 0 11       1 0 0 02                    R 75e                                      
 2A 1061.477359           1.900E-01                                       0 0 0 11       1 0 0 02                    R 76e                                      
 2A 1061.765737           1.900E-01                                       0 0 0 11       1 0 0 02                    R 77e                                      
 2A 1062.049327           1.900E-01                                       0 0 0 11       1 0 0 02                    R 78e                                      
 2A 1062.328152           1.900E-01                                       0 0 0 11       1 0 0 02                    R 79e                                      
 2A 1062.602233           1.900E-01                                       0 0 0 11       1 0 0 02                    R 80e                                      
 2A 1062.871592           1.900E-01                                       0 0 0 11       1 0 0 02                    R 81e                                      
 2A 1063.136249           1.900E-01                                       0 0 0 11       1 0 0 02                    R 82e                                      
 2A 1063.396227           1.900E-01                                       0 0 0 11       1 0 0 02                    R 83e                                      
 2A 1063.651546           1.900E-01                                       0 0 0 11       1 0 0 02                    R 84e                                      
 2A 1063.902227           1.900E-01                                       0 0 0 11       1 0 0 02                    R 85e                                      
 2A 1064.148291           1.900E-01                                       0 0 0 11       1 0 0 02                    R 86e                                      
 2A 1064.389757           1.900E-01                                       0 0 0 11       1 0 0 02                    R 87e                                      
 2A 1064.626647           1.900E-01                                       0 0 0 11       1 0 0 02                    R 88e                                      
 2A 1064.858980           1.900E-01                                       0 0 0 11       1 0 0 02                    R 89e                                      
 2A 1065.086774           1.900E-01                                       0 0 0 11       1 0 0 02                    R 90e                                      
 2A 1065.310050           1.900E-01                                       0 0 0 11       1 0 0 02                    R 91e                                      
 2A 1065.528826           1.900E-01                                       0 0 0 11       1 0 0 02                    R 92e                                      
 2A 1065.743120           1.900E-01                                       0 0 0 11       1 0 0 02                    R 93e                                      
 2A 1065.952950           1.900E-01                                       0 0 0 11       1 0 0 02                    R 94e                                      
 2A 1066.158332           1.900E-01                                       0 0 0 11       1 0 0 02                    R 95e                                      
 2A 1066.359285           1.900E-01                                       0 0 0 11       1 0 0 02                    R 96e                                      
 2A 1066.555824           1.900E-01                                       0 0 0 11       1 0 0 02                    R 97e                                      
 2A 1066.747964           1.900E-01                                       0 0 0 11       1 0 0 02                    R 98e                                      
 2A 1066.935721           1.900E-01                                       0 0 0 11       1 0 0 02                    R 99e                                      
