 23 1067.631819           5.430E-01                                       0 0 0 21       1 0 0 12                    P  1e                                      
 23 1066.895376           5.430E-01                                       0 0 0 21       1 0 0 12                    P  2e                                      
 23 1066.153107           5.430E-01                                       0 0 0 21       1 0 0 12                    P  3e                                      
 23 1065.405016           5.430E-01                                       0 0 0 21       1 0 0 12                    P  4e                                      

# lines exist in HITRAN

 23 1040.295191           5.430E-01                                       0 0 0 21       1 0 0 12                    P 34e                                      
 23 1039.371228           5.430E-01                                       0 0 0 21       1 0 0 12                    P 35e                                      
 23 1038.441816           5.430E-01                                       0 0 0 21       1 0 0 12                    P 36e                                      
 23 1037.506974           5.430E-01                                       0 0 0 21       1 0 0 12                    P 37e                                      
 23 1036.566721           5.430E-01                                       0 0 0 21       1 0 0 12                    P 38e                                      
 23 1035.621077           5.430E-01                                       0 0 0 21       1 0 0 12                    P 39e                                      
 23 1034.670060           5.430E-01                                       0 0 0 21       1 0 0 12                    P 40e                                      
 23 1033.713691           5.430E-01                                       0 0 0 21       1 0 0 12                    P 41e                                      
 23 1032.751991           5.430E-01                                       0 0 0 21       1 0 0 12                    P 42e                                      
 23 1031.784979           5.430E-01                                       0 0 0 21       1 0 0 12                    P 43e                                      
 23 1030.812678           5.430E-01                                       0 0 0 21       1 0 0 12                    P 44e                                      
 23 1029.835108           5.430E-01                                       0 0 0 21       1 0 0 12                    P 45e                                      
 23 1028.852291           5.430E-01                                       0 0 0 21       1 0 0 12                    P 46e                                      
 23 1027.864250           5.430E-01                                       0 0 0 21       1 0 0 12                    P 47e                                      
 23 1026.871006           5.430E-01                                       0 0 0 21       1 0 0 12                    P 48e                                      
 23 1025.872582           5.430E-01                                       0 0 0 21       1 0 0 12                    P 49e                                      
 23 1024.869002           5.430E-01                                       0 0 0 21       1 0 0 12                    P 50e                                      
 23 1023.860288           5.430E-01                                       0 0 0 21       1 0 0 12                    P 51e                                      
 23 1022.846464           5.430E-01                                       0 0 0 21       1 0 0 12                    P 52e                                      
 23 1021.827555           5.430E-01                                       0 0 0 21       1 0 0 12                    P 53e                                      
 23 1020.803583           5.430E-01                                       0 0 0 21       1 0 0 12                    P 54e                                      
 23 1019.774574           5.430E-01                                       0 0 0 21       1 0 0 12                    P 55e                                      
 23 1018.740552           5.430E-01                                       0 0 0 21       1 0 0 12                    P 56e                                      
 23 1017.701543           5.430E-01                                       0 0 0 21       1 0 0 12                    P 57e                                      
 23 1016.657571           5.430E-01                                       0 0 0 21       1 0 0 12                    P 58e                                      
 23 1015.608662           5.430E-01                                       0 0 0 21       1 0 0 12                    P 59e                                      
 23 1014.554841           5.430E-01                                       0 0 0 21       1 0 0 12                    P 60e                                      
 23 1013.496135           5.430E-01                                       0 0 0 21       1 0 0 12                    P 61e                                      
 23 1012.432569           5.430E-01                                       0 0 0 21       1 0 0 12                    P 62e                                      
 23 1011.364171           5.430E-01                                       0 0 0 21       1 0 0 12                    P 63e                                      
 23 1010.290966           5.430E-01                                       0 0 0 21       1 0 0 12                    P 64e                                      
 23 1009.212981           5.430E-01                                       0 0 0 21       1 0 0 12                    P 65e                                      
 23 1008.130244           5.430E-01                                       0 0 0 21       1 0 0 12                    P 66e                                      
 23 1007.042781           5.430E-01                                       0 0 0 21       1 0 0 12                    P 67e                                      
 23 1005.950620           5.430E-01                                       0 0 0 21       1 0 0 12                    P 68e                                      
 23 1004.853788           5.430E-01                                       0 0 0 21       1 0 0 12                    P 69e                                      
 23 1003.752313           5.430E-01                                       0 0 0 21       1 0 0 12                    P 70e                                      
 23 1002.646223           5.430E-01                                       0 0 0 21       1 0 0 12                    P 71e                                      
 23 1001.535545           5.430E-01                                       0 0 0 21       1 0 0 12                    P 72e                                      
 23 1000.420309           5.430E-01                                       0 0 0 21       1 0 0 12                    P 73e                                      
 23  999.300541           5.430E-01                                       0 0 0 21       1 0 0 12                    P 74e                                      
 23  998.176271           5.430E-01                                       0 0 0 21       1 0 0 12                    P 75e                                      
 23  997.047528           5.430E-01                                       0 0 0 21       1 0 0 12                    P 76e                                      
 23  995.914338           5.430E-01                                       0 0 0 21       1 0 0 12                    P 77e                                      
 23  994.776732           5.430E-01                                       0 0 0 21       1 0 0 12                    P 78e                                      
 23  993.634738           5.430E-01                                       0 0 0 21       1 0 0 12                    P 79e                                      
 23  992.488385           5.430E-01                                       0 0 0 21       1 0 0 12                    P 80e                                      
 23  991.337701           5.430E-01                                       0 0 0 21       1 0 0 12                    P 81e                                      
 23  990.182717           5.430E-01                                       0 0 0 21       1 0 0 12                    P 82e                                      
 23  989.023460           5.430E-01                                       0 0 0 21       1 0 0 12                    P 83e                                      
 23  987.859961           5.430E-01                                       0 0 0 21       1 0 0 12                    P 84e                                      
 23  986.692247           5.430E-01                                       0 0 0 21       1 0 0 12                    P 85e                                      
 23  985.520349           5.430E-01                                       0 0 0 21       1 0 0 12                    P 86e                                      
 23  984.344296           5.430E-01                                       0 0 0 21       1 0 0 12                    P 87e                                      
 23  983.164116           5.430E-01                                       0 0 0 21       1 0 0 12                    P 88e                                      
 23  981.979840           5.430E-01                                       0 0 0 21       1 0 0 12                    P 89e                                      
 23  980.791495           5.430E-01                                       0 0 0 21       1 0 0 12                    P 90e                                      
 23  979.599112           5.430E-01                                       0 0 0 21       1 0 0 12                    P 91e                                      
 23  978.402720           5.430E-01                                       0 0 0 21       1 0 0 12                    P 92e                                      
 23  977.202348           5.430E-01                                       0 0 0 21       1 0 0 12                    P 93e                                      
 23  975.998025           5.430E-01                                       0 0 0 21       1 0 0 12                    P 94e                                      
 23  974.789779           5.430E-01                                       0 0 0 21       1 0 0 12                    P 95e                                      
 23  973.577641           5.430E-01                                       0 0 0 21       1 0 0 12                    P 96e                                      
 23  972.361640           5.430E-01                                       0 0 0 21       1 0 0 12                    P 97e                                      
 23  971.141803           5.430E-01                                       0 0 0 21       1 0 0 12                    P 98e                                      
 23 1069.087215           5.430E-01                                       0 0 0 21       1 0 0 12                    R  0e                                      
 23 1069.806161           5.430E-01                                       0 0 0 21       1 0 0 12                    R  1e                                      
 23 1070.519270           5.430E-01                                       0 0 0 21       1 0 0 12                    R  2e                                      
 23 1071.226538           5.430E-01                                       0 0 0 21       1 0 0 12                    R  3e                                      

# lines exist in HITRAN

 23 1090.788441           5.430E-01                                       0 0 0 21       1 0 0 12                    R 35e                                      
 23 1091.304918           5.430E-01                                       0 0 0 21       1 0 0 12                    R 36e                                      
 23 1091.815758           5.430E-01                                       0 0 0 21       1 0 0 12                    R 37e                                      
 23 1092.320974           5.430E-01                                       0 0 0 21       1 0 0 12                    R 38e                                      
 23 1092.820580           5.430E-01                                       0 0 0 21       1 0 0 12                    R 39e                                      
 23 1093.314590           5.430E-01                                       0 0 0 21       1 0 0 12                    R 40e                                      
 23 1093.803019           5.430E-01                                       0 0 0 21       1 0 0 12                    R 41e                                      
 23 1094.285881           5.430E-01                                       0 0 0 21       1 0 0 12                    R 42e                                      
 23 1094.763191           5.430E-01                                       0 0 0 21       1 0 0 12                    R 43e                                      
 23 1095.234964           5.430E-01                                       0 0 0 21       1 0 0 12                    R 44e                                      
 23 1095.701217           5.430E-01                                       0 0 0 21       1 0 0 12                    R 45e                                      
 23 1096.161965           5.430E-01                                       0 0 0 21       1 0 0 12                    R 46e                                      
 23 1096.617225           5.430E-01                                       0 0 0 21       1 0 0 12                    R 47e                                      
 23 1097.067013           5.430E-01                                       0 0 0 21       1 0 0 12                    R 48e                                      
 23 1097.511347           5.430E-01                                       0 0 0 21       1 0 0 12                    R 49e                                      
 23 1097.950243           5.430E-01                                       0 0 0 21       1 0 0 12                    R 50e                                      
 23 1098.383720           5.430E-01                                       0 0 0 21       1 0 0 12                    R 51e                                      
 23 1098.811796           5.430E-01                                       0 0 0 21       1 0 0 12                    R 52e                                      
 23 1099.234488           5.430E-01                                       0 0 0 21       1 0 0 12                    R 53e                                      
 23 1099.651815           5.430E-01                                       0 0 0 21       1 0 0 12                    R 54e                                      
 23 1100.063796           5.430E-01                                       0 0 0 21       1 0 0 12                    R 55e                                      
 23 1100.470450           5.430E-01                                       0 0 0 21       1 0 0 12                    R 56e                                      
 23 1100.871796           5.430E-01                                       0 0 0 21       1 0 0 12                    R 57e                                      
 23 1101.267854           5.430E-01                                       0 0 0 21       1 0 0 12                    R 58e                                      
 23 1101.658643           5.430E-01                                       0 0 0 21       1 0 0 12                    R 59e                                      
 23 1102.044185           5.430E-01                                       0 0 0 21       1 0 0 12                    R 60e                                      
 23 1102.424498           5.430E-01                                       0 0 0 21       1 0 0 12                    R 61e                                      
 23 1102.799603           5.430E-01                                       0 0 0 21       1 0 0 12                    R 62e                                      
 23 1103.169522           5.430E-01                                       0 0 0 21       1 0 0 12                    R 63e                                      
 23 1103.534275           5.430E-01                                       0 0 0 21       1 0 0 12                    R 64e                                      
 23 1103.893883           5.430E-01                                       0 0 0 21       1 0 0 12                    R 65e                                      
 23 1104.248367           5.430E-01                                       0 0 0 21       1 0 0 12                    R 66e                                      
 23 1104.597750           5.430E-01                                       0 0 0 21       1 0 0 12                    R 67e                                      
 23 1104.942053           5.430E-01                                       0 0 0 21       1 0 0 12                    R 68e                                      
 23 1105.281297           5.430E-01                                       0 0 0 21       1 0 0 12                    R 69e                                      
 23 1105.615505           5.430E-01                                       0 0 0 21       1 0 0 12                    R 70e                                      
 23 1105.944698           5.430E-01                                       0 0 0 21       1 0 0 12                    R 71e                                      
 23 1106.268900           5.430E-01                                       0 0 0 21       1 0 0 12                    R 72e                                      
 23 1106.588133           5.430E-01                                       0 0 0 21       1 0 0 12                    R 73e                                      
 23 1106.902419           5.430E-01                                       0 0 0 21       1 0 0 12                    R 74e                                      
 23 1107.211781           5.430E-01                                       0 0 0 21       1 0 0 12                    R 75e                                      
 23 1107.516243           5.430E-01                                       0 0 0 21       1 0 0 12                    R 76e                                      
 23 1107.815826           5.430E-01                                       0 0 0 21       1 0 0 12                    R 77e                                      
 23 1108.110554           5.430E-01                                       0 0 0 21       1 0 0 12                    R 78e                                      
 23 1108.400450           5.430E-01                                       0 0 0 21       1 0 0 12                    R 79e                                      
 23 1108.685538           5.430E-01                                       0 0 0 21       1 0 0 12                    R 80e                                      
 23 1108.965841           5.430E-01                                       0 0 0 21       1 0 0 12                    R 81e                                      
 23 1109.241382           5.430E-01                                       0 0 0 21       1 0 0 12                    R 82e                                      
 23 1109.512184           5.430E-01                                       0 0 0 21       1 0 0 12                    R 83e                                      
 23 1109.778272           5.430E-01                                       0 0 0 21       1 0 0 12                    R 84e                                      
 23 1110.039668           5.430E-01                                       0 0 0 21       1 0 0 12                    R 85e                                      
 23 1110.296397           5.430E-01                                       0 0 0 21       1 0 0 12                    R 86e                                      
 23 1110.548481           5.430E-01                                       0 0 0 21       1 0 0 12                    R 87e                                      
 23 1110.795945           5.430E-01                                       0 0 0 21       1 0 0 12                    R 88e                                      
 23 1111.038813           5.430E-01                                       0 0 0 21       1 0 0 12                    R 89e                                      
 23 1111.277107           5.430E-01                                       0 0 0 21       1 0 0 12                    R 90e                                      
 23 1111.510851           5.430E-01                                       0 0 0 21       1 0 0 12                    R 91e                                      
 23 1111.740070           5.430E-01                                       0 0 0 21       1 0 0 12                    R 92e                                      
 23 1111.964786           5.430E-01                                       0 0 0 21       1 0 0 12                    R 93e                                      
 23 1112.185024           5.430E-01                                       0 0 0 21       1 0 0 12                    R 94e                                      
 23 1112.400806           5.430E-01                                       0 0 0 21       1 0 0 12                    R 95e                                      
 23 1112.612156           5.430E-01                                       0 0 0 21       1 0 0 12                    R 96e                                      
 23 1112.819098           5.430E-01                                       0 0 0 21       1 0 0 12                    R 97e                                      
 23 1113.021656           5.430E-01                                       0 0 0 21       1 0 0 12                    R 98e                                      
