 27  932.496515           1.190E-01                                       0 1 1 11       1 1 1 01                    P  3e                                      
 27  931.065595           1.190E-01                                       0 1 1 11       1 1 1 01                    P  5e                                      

# lines exist in HITRAN

 27  906.789822           1.190E-01                                       0 1 1 11       1 1 1 01                    P 35e                                      
 27  904.983683           1.190E-01                                       0 1 1 11       1 1 1 01                    P 37e                                      
 27  903.153968           1.190E-01                                       0 1 1 11       1 1 1 01                    P 39e                                      
 27  901.300647           1.190E-01                                       0 1 1 11       1 1 1 01                    P 41e                                      
 27  899.423686           1.190E-01                                       0 1 1 11       1 1 1 01                    P 43e                                      
 27  897.523046           1.190E-01                                       0 1 1 11       1 1 1 01                    P 45e                                      
 27  895.598687           1.190E-01                                       0 1 1 11       1 1 1 01                    P 47e                                      
 27  893.650565           1.190E-01                                       0 1 1 11       1 1 1 01                    P 49e                                      
 27  891.678634           1.190E-01                                       0 1 1 11       1 1 1 01                    P 51e                                      
 27  889.682842           1.190E-01                                       0 1 1 11       1 1 1 01                    P 53e                                      
 27  887.663137           1.190E-01                                       0 1 1 11       1 1 1 01                    P 55e                                      
 27  885.619461           1.190E-01                                       0 1 1 11       1 1 1 01                    P 57e                                      
 27  883.551752           1.190E-01                                       0 1 1 11       1 1 1 01                    P 59e                                      
 27  881.459945           1.190E-01                                       0 1 1 11       1 1 1 01                    P 61e                                      
 27  879.343973           1.190E-01                                       0 1 1 11       1 1 1 01                    P 63e                                      
 27  877.203762           1.190E-01                                       0 1 1 11       1 1 1 01                    P 65e                                      
 27  875.039235           1.190E-01                                       0 1 1 11       1 1 1 01                    P 67e                                      
 27  872.850310           1.190E-01                                       0 1 1 11       1 1 1 01                    P 69e                                      
 27  870.636902           1.190E-01                                       0 1 1 11       1 1 1 01                    P 71e                                      
 27  868.398920           1.190E-01                                       0 1 1 11       1 1 1 01                    P 73e                                      
 27  866.136267           1.190E-01                                       0 1 1 11       1 1 1 01                    P 75e                                      
 27  863.848842           1.190E-01                                       0 1 1 11       1 1 1 01                    P 77e                                      
 27  861.536540           1.190E-01                                       0 1 1 11       1 1 1 01                    P 79e                                      
 27  859.199248           1.190E-01                                       0 1 1 11       1 1 1 01                    P 81e                                      
 27  856.836846           1.190E-01                                       0 1 1 11       1 1 1 01                    P 83e                                      
 27  854.449212           1.190E-01                                       0 1 1 11       1 1 1 01                    P 85e                                      
 27  852.036213           1.190E-01                                       0 1 1 11       1 1 1 01                    P 87e                                      
 27  849.597710           1.190E-01                                       0 1 1 11       1 1 1 01                    P 89e                                      
 27  847.133559           1.190E-01                                       0 1 1 11       1 1 1 01                    P 91e                                      
 27  844.643606           1.190E-01                                       0 1 1 11       1 1 1 01                    P 93e                                      
 27  842.127689           1.190E-01                                       0 1 1 11       1 1 1 01                    P 95e                                      
 27  839.585638           1.190E-01                                       0 1 1 11       1 1 1 01                    P 97e                                      
 27  837.017274           1.190E-01                                       0 1 1 11       1 1 1 01                    P 99e                                      
 27  935.971122           1.190E-01                                       0 1 1 11       1 1 1 01                    R  1e                                      
 27  937.319836           1.190E-01                                       0 1 1 11       1 1 1 01                    R  3e                                      

# lines exist in HITRAN

 27  955.674276           1.190E-01                                       0 1 1 11       1 1 1 01                    R 35e                                      
 27  956.617521           1.190E-01                                       0 1 1 11       1 1 1 01                    R 37e                                      
 27  957.536424           1.190E-01                                       0 1 1 11       1 1 1 01                    R 39e                                      
 27  958.430912           1.190E-01                                       0 1 1 11       1 1 1 01                    R 41e                                      
 27  959.300911           1.190E-01                                       0 1 1 11       1 1 1 01                    R 43e                                      
 27  960.146342           1.190E-01                                       0 1 1 11       1 1 1 01                    R 45e                                      
 27  960.967124           1.190E-01                                       0 1 1 11       1 1 1 01                    R 47e                                      
 27  961.763172           1.190E-01                                       0 1 1 11       1 1 1 01                    R 49e                                      
 27  962.534399           1.190E-01                                       0 1 1 11       1 1 1 01                    R 51e                                      
 27  963.280714           1.190E-01                                       0 1 1 11       1 1 1 01                    R 53e                                      
 27  964.002021           1.190E-01                                       0 1 1 11       1 1 1 01                    R 55e                                      
 27  964.698223           1.190E-01                                       0 1 1 11       1 1 1 01                    R 57e                                      
 27  965.369218           1.190E-01                                       0 1 1 11       1 1 1 01                    R 59e                                      
 27  966.014901           1.190E-01                                       0 1 1 11       1 1 1 01                    R 61e                                      
 27  966.635162           1.190E-01                                       0 1 1 11       1 1 1 01                    R 63e                                      
 27  967.229888           1.190E-01                                       0 1 1 11       1 1 1 01                    R 65e                                      
 27  967.798961           1.190E-01                                       0 1 1 11       1 1 1 01                    R 67e                                      
 27  968.342259           1.190E-01                                       0 1 1 11       1 1 1 01                    R 69e                                      
 27  968.859655           1.190E-01                                       0 1 1 11       1 1 1 01                    R 71e                                      
 27  969.351018           1.190E-01                                       0 1 1 11       1 1 1 01                    R 73e                                      
 27  969.816212           1.190E-01                                       0 1 1 11       1 1 1 01                    R 75e                                      
 27  970.255094           1.190E-01                                       0 1 1 11       1 1 1 01                    R 77e                                      
 27  970.667519           1.190E-01                                       0 1 1 11       1 1 1 01                    R 79e                                      
 27  971.053332           1.190E-01                                       0 1 1 11       1 1 1 01                    R 81e                                      
 27  971.412376           1.190E-01                                       0 1 1 11       1 1 1 01                    R 83e                                      
 27  971.744484           1.190E-01                                       0 1 1 11       1 1 1 01                    R 85e                                      
 27  972.049486           1.190E-01                                       0 1 1 11       1 1 1 01                    R 87e                                      
 27  972.327202           1.190E-01                                       0 1 1 11       1 1 1 01                    R 89e                                      
 27  972.577446           1.190E-01                                       0 1 1 11       1 1 1 01                    R 91e                                      
 27  972.800025           1.190E-01                                       0 1 1 11       1 1 1 01                    R 93e                                      
 27  972.994736           1.190E-01                                       0 1 1 11       1 1 1 01                    R 95e                                      
 27  973.161368           1.190E-01                                       0 1 1 11       1 1 1 01                    R 97e                                      
 27  973.299703           1.190E-01                                       0 1 1 11       1 1 1 01                    R 99e                                      
