 27  964.945396           7.000E-01                                       0 0 0 21       1 0 0 11                    P  1e                                      
 27  966.993585           7.000E-01                                       0 0 0 21       1 0 0 11                    R  1e                                      
 27  963.547080           7.000E-01                                       0 0 0 21       1 0 0 11                    P  3e                                      
 27  968.326159           7.000E-01                                       0 0 0 21       1 0 0 11                    R  3e                                      
 27  962.122497           7.000E-01                                       0 0 0 21       1 0 0 11                    P  5e                                      
 27  969.632394           7.000E-01                                       0 0 0 21       1 0 0 11                    R  5e                                      
 27  960.671653           7.000E-01                                       0 0 0 21       1 0 0 11                    P  7e                                      
 27  970.912260           7.000E-01                                       0 0 0 21       1 0 0 11                    R  7e                                      
 27  959.194554           7.000E-01                                       0 0 0 21       1 0 0 11                    P  9e                                      
 27  972.165718           7.000E-01                                       0 0 0 21       1 0 0 11                    R  9e                                      
 27  957.691198           7.000E-01                                       0 0 0 21       1 0 0 11                    P 11e                                      
 27  973.392728           7.000E-01                                       0 0 0 21       1 0 0 11                    R 11e                                      
 27  956.161578           7.000E-01                                       0 0 0 21       1 0 0 11                    P 13e                                      
 27  974.593243           7.000E-01                                       0 0 0 21       1 0 0 11                    R 13e                                      
 27  954.605682           7.000E-01                                       0 0 0 21       1 0 0 11                    P 15e                                      
 27  975.767210           7.000E-01                                       0 0 0 21       1 0 0 11                    R 15e                                      
 27  953.023494           7.000E-01                                       0 0 0 21       1 0 0 11                    P 17e                                      
 27  976.914573           7.000E-01                                       0 0 0 21       1 0 0 11                    R 17e                                      
 27  951.414991           7.000E-01                                       0 0 0 21       1 0 0 11                    P 19e                                      
 27  978.035269           7.000E-01                                       0 0 0 21       1 0 0 11                    R 19e                                      
 27  949.780146           7.000E-01                                       0 0 0 21       1 0 0 11                    P 21e                                      
 27  979.129230           7.000E-01                                       0 0 0 21       1 0 0 11                    R 21e                                      
 27  948.118927           7.000E-01                                       0 0 0 21       1 0 0 11                    P 23e                                      
 27  980.196384           7.000E-01                                       0 0 0 21       1 0 0 11                    R 23e                                      
 27  946.431295           7.000E-01                                       0 0 0 21       1 0 0 11                    P 25e                                      
 27  981.236652           7.000E-01                                       0 0 0 21       1 0 0 11                    R 25e                                      
 27  944.717207           7.000E-01                                       0 0 0 21       1 0 0 11                    P 27e                                      
 27  982.249951           7.000E-01                                       0 0 0 21       1 0 0 11                    R 27e                                      
 27  942.976615           7.000E-01                                       0 0 0 21       1 0 0 11                    P 29e                                      
 27  983.236192           7.000E-01                                       0 0 0 21       1 0 0 11                    R 29e                                      
 27  941.209464           7.000E-01                                       0 0 0 21       1 0 0 11                    P 31e                                      
 27  984.195281           7.000E-01                                       0 0 0 21       1 0 0 11                    R 31e                                      
 27  939.415695           7.000E-01                                       0 0 0 21       1 0 0 11                    P 33e                                      
 27  985.127117           7.000E-01                                       0 0 0 21       1 0 0 11                    R 33e                                      
 27  937.595243           7.000E-01                                       0 0 0 21       1 0 0 11                    P 35e                                      
 27  986.031596           7.000E-01                                       0 0 0 21       1 0 0 11                    R 35e                                      
 27  935.748037           7.000E-01                                       0 0 0 21       1 0 0 11                    P 37e                                      
 27  986.908606           7.000E-01                                       0 0 0 21       1 0 0 11                    R 37e                                      
 27  933.874001           7.000E-01                                       0 0 0 21       1 0 0 11                    P 39e                                      
 27  987.758031           7.000E-01                                       0 0 0 21       1 0 0 11                    R 39e                                      
 27  931.973052           7.000E-01                                       0 0 0 21       1 0 0 11                    P 41e                                      
 27  988.579749           7.000E-01                                       0 0 0 21       1 0 0 11                    R 41e                                      
 27  930.045104           7.000E-01                                       0 0 0 21       1 0 0 11                    P 43e                                      
 27  989.373631           7.000E-01                                       0 0 0 21       1 0 0 11                    R 43e                                      
 27  928.090062           7.000E-01                                       0 0 0 21       1 0 0 11                    P 45e                                      
 27  990.139546           7.000E-01                                       0 0 0 21       1 0 0 11                    R 45e                                      
 27  926.107828           7.000E-01                                       0 0 0 21       1 0 0 11                    P 47e                                      
 27  990.877353           7.000E-01                                       0 0 0 21       1 0 0 11                    R 47e                                      
 27  924.098298           7.000E-01                                       0 0 0 21       1 0 0 11                    P 49e                                      
 27  991.586907           7.000E-01                                       0 0 0 21       1 0 0 11                    R 49e                                      
 27  922.061360           7.000E-01                                       0 0 0 21       1 0 0 11                    P 51e                                      
 27  992.268059           7.000E-01                                       0 0 0 21       1 0 0 11                    R 51e                                      
 27  919.996898           7.000E-01                                       0 0 0 21       1 0 0 11                    P 53e                                      
 27  992.920651           7.000E-01                                       0 0 0 21       1 0 0 11                    R 53e                                      
 27  917.904790           7.000E-01                                       0 0 0 21       1 0 0 11                    P 55e                                      
 27  993.544522           7.000E-01                                       0 0 0 21       1 0 0 11                    R 55e                                      
 27  915.784909           7.000E-01                                       0 0 0 21       1 0 0 11                    P 57e                                      
 27  994.139505           7.000E-01                                       0 0 0 21       1 0 0 11                    R 57e                                      
 27  913.637120           7.000E-01                                       0 0 0 21       1 0 0 11                    P 59e                                      
 27  994.705426           7.000E-01                                       0 0 0 21       1 0 0 11                    R 59e                                      
 27  911.461285           7.000E-01                                       0 0 0 21       1 0 0 11                    P 61e                                      
 27  995.242106           7.000E-01                                       0 0 0 21       1 0 0 11                    R 61e                                      
 27  909.257259           7.000E-01                                       0 0 0 21       1 0 0 11                    P 63e                                      
 27  995.749362           7.000E-01                                       0 0 0 21       1 0 0 11                    R 63e                                      
 27  907.024892           7.000E-01                                       0 0 0 21       1 0 0 11                    P 65e                                      
 27  996.227004           7.000E-01                                       0 0 0 21       1 0 0 11                    R 65e                                      
 27  904.764028           7.000E-01                                       0 0 0 21       1 0 0 11                    P 67e                                      
 27  996.674838           7.000E-01                                       0 0 0 21       1 0 0 11                    R 67e                                      
 27  902.474506           7.000E-01                                       0 0 0 21       1 0 0 11                    P 69e                                      
 27  997.092662           7.000E-01                                       0 0 0 21       1 0 0 11                    R 69e                                      
 27  900.156160           7.000E-01                                       0 0 0 21       1 0 0 11                    P 71e                                      
 27  997.480272           7.000E-01                                       0 0 0 21       1 0 0 11                    R 71e                                      
 27  897.808819           7.000E-01                                       0 0 0 21       1 0 0 11                    P 73e                                      
 27  997.837460           7.000E-01                                       0 0 0 21       1 0 0 11                    R 73e                                      
 27  895.432308           7.000E-01                                       0 0 0 21       1 0 0 11                    P 75e                                      
 27  998.164009           7.000E-01                                       0 0 0 21       1 0 0 11                    R 75e                                      
 27  893.026444           7.000E-01                                       0 0 0 21       1 0 0 11                    P 77e                                      
 27  998.459703           7.000E-01                                       0 0 0 21       1 0 0 11                    R 77e                                      
 27  890.591045           7.000E-01                                       0 0 0 21       1 0 0 11                    P 79e                                      
 27  998.724317           7.000E-01                                       0 0 0 21       1 0 0 11                    R 79e                                      
 27  888.125920           7.000E-01                                       0 0 0 21       1 0 0 11                    P 81e                                      
 27  998.957625           7.000E-01                                       0 0 0 21       1 0 0 11                    R 81e                                      
 27  885.630876           7.000E-01                                       0 0 0 21       1 0 0 11                    P 83e                                      
 27  999.159398           7.000E-01                                       0 0 0 21       1 0 0 11                    R 83e                                      
 27  883.105719           7.000E-01                                       0 0 0 21       1 0 0 11                    P 85e                                      
 27  999.329402           7.000E-01                                       0 0 0 21       1 0 0 11                    R 85e                                      
 27  880.550247           7.000E-01                                       0 0 0 21       1 0 0 11                    P 87e                                      
 27  999.467401           7.000E-01                                       0 0 0 21       1 0 0 11                    R 87e                                      
 27  877.964260           7.000E-01                                       0 0 0 21       1 0 0 11                    P 89e                                      
 27  999.573157           7.000E-01                                       0 0 0 21       1 0 0 11                    R 89e                                      
 27  875.347552           7.000E-01                                       0 0 0 21       1 0 0 11                    P 91e                                      
 27  999.646429           7.000E-01                                       0 0 0 21       1 0 0 11                    R 91e                                      
 27  872.699917           7.000E-01                                       0 0 0 21       1 0 0 11                    P 93e                                      
 27  999.686977           7.000E-01                                       0 0 0 21       1 0 0 11                    R 93e                                      
 27  870.021149           7.000E-01                                       0 0 0 21       1 0 0 11                    P 95e                                      
 27  999.694557           7.000E-01                                       0 0 0 21       1 0 0 11                    R 95e                                      
 27  867.311038           7.000E-01                                       0 0 0 21       1 0 0 11                    P 97e                                      
 27  999.668928           7.000E-01                                       0 0 0 21       1 0 0 11                    R 97e                                      
 27  864.569378           7.000E-01                                       0 0 0 21       1 0 0 11                    P 99e                                      
 27  999.609848           7.000E-01                                       0 0 0 21       1 0 0 11                    R 99e                                      
