 20 1025.512939           2.150E-01                                       0 0 0 11       1 0 0 02                    P  2e                                      
 20 1024.098835           2.150E-01                                       0 0 0 11       1 0 0 02                    P  4e                                      

# lines exist in HITRAN

 20 1000.369123           2.150E-01                                       0 0 0 11       1 0 0 02                    P 34e                                      
 20  998.622988           2.150E-01                                       0 0 0 11       1 0 0 02                    P 36e                                      
 20  996.856952           2.150E-01                                       0 0 0 11       1 0 0 02                    P 38e                                      
 20  995.071148           2.150E-01                                       0 0 0 11       1 0 0 02                    P 40e                                      
 20  993.265717           2.150E-01                                       0 0 0 11       1 0 0 02                    P 42e                                      
 20  991.440802           2.150E-01                                       0 0 0 11       1 0 0 02                    P 44e                                      
 20  989.596554           2.150E-01                                       0 0 0 11       1 0 0 02                    P 46e                                      
 20  987.733125           2.150E-01                                       0 0 0 11       1 0 0 02                    P 48e                                      
 20  985.850675           2.150E-01                                       0 0 0 11       1 0 0 02                    P 50e                                      
 20  983.949368           2.150E-01                                       0 0 0 11       1 0 0 02                    P 52e                                      
 20  982.029369           2.150E-01                                       0 0 0 11       1 0 0 02                    P 54e                                      
 20  980.090851           2.150E-01                                       0 0 0 11       1 0 0 02                    P 56e                                      
 20  978.133988           2.150E-01                                       0 0 0 11       1 0 0 02                    P 58e                                      
 20  976.158961           2.150E-01                                       0 0 0 11       1 0 0 02                    P 60e                                      
 20  974.165949           2.150E-01                                       0 0 0 11       1 0 0 02                    P 62e                                      
 20  972.155141           2.150E-01                                       0 0 0 11       1 0 0 02                    P 64e                                      
 20  970.126723           2.150E-01                                       0 0 0 11       1 0 0 02                    P 66e                                      
 20  968.080888           2.150E-01                                       0 0 0 11       1 0 0 02                    P 68e                                      
 20  966.017830           2.150E-01                                       0 0 0 11       1 0 0 02                    P 70e                                      
 20  963.937745           2.150E-01                                       0 0 0 11       1 0 0 02                    P 72e                                      
 20  961.840833           2.150E-01                                       0 0 0 11       1 0 0 02                    P 74e                                      
 20  959.727292           2.150E-01                                       0 0 0 11       1 0 0 02                    P 76e                                      
 20  957.597327           2.150E-01                                       0 0 0 11       1 0 0 02                    P 78e                                      
 20  955.451141           2.150E-01                                       0 0 0 11       1 0 0 02                    P 80e                                      
 20  953.288939           2.150E-01                                       0 0 0 11       1 0 0 02                    P 82e                                      
 20  951.110927           2.150E-01                                       0 0 0 11       1 0 0 02                    P 84e                                      
 20  948.917311           2.150E-01                                       0 0 0 11       1 0 0 02                    P 86e                                      
 20  946.708299           2.150E-01                                       0 0 0 11       1 0 0 02                    P 88e                                      
 20  944.484098           2.150E-01                                       0 0 0 11       1 0 0 02                    P 90e                                      
 20  942.244916           2.150E-01                                       0 0 0 11       1 0 0 02                    P 92e                                      
 20  939.990960           2.150E-01                                       0 0 0 11       1 0 0 02                    P 94e                                      
 20  937.722435           2.150E-01                                       0 0 0 11       1 0 0 02                    P 96e                                      
 20  935.439547           2.150E-01                                       0 0 0 11       1 0 0 02                    P 98e                                      
 20  933.142501           2.150E-01                                       0 0 0 11       1 0 0 02                    P 100e                                     
 20 1027.594169           2.150E-01                                       0 0 0 11       1 0 0 02                    R  0e                                      
 20 1028.955003           2.150E-01                                       0 0 0 11       1 0 0 02                    R  2e                                      
 20 1030.294496           2.150E-01                                       0 0 0 11       1 0 0 02                    R  4e                                      

# lines exist in HITRAN

 20 1047.835302           2.150E-01                                       0 0 0 11       1 0 0 02                    R 34e                                      
 20 1048.836478           2.150E-01                                       0 0 0 11       1 0 0 02                    R 36e                                      
 20 1049.817017           2.150E-01                                       0 0 0 11       1 0 0 02                    R 38e                                      
 20 1050.777014           2.150E-01                                       0 0 0 11       1 0 0 02                    R 40e                                      
 20 1051.716567           2.150E-01                                       0 0 0 11       1 0 0 02                    R 42e                                      
 20 1052.635780           2.150E-01                                       0 0 0 11       1 0 0 02                    R 44e                                      
 20 1053.534763           2.150E-01                                       0 0 0 11       1 0 0 02                    R 46e                                      
 20 1054.413629           2.150E-01                                       0 0 0 11       1 0 0 02                    R 48e                                      
 20 1055.272497           2.150E-01                                       0 0 0 11       1 0 0 02                    R 50e                                      
 20 1056.111490           2.150E-01                                       0 0 0 11       1 0 0 02                    R 52e                                      
 20 1056.930735           2.150E-01                                       0 0 0 11       1 0 0 02                    R 54e                                      
 20 1057.730362           2.150E-01                                       0 0 0 11       1 0 0 02                    R 56e                                      
 20 1058.510508           2.150E-01                                       0 0 0 11       1 0 0 02                    R 58e                                      
 20 1059.271310           2.150E-01                                       0 0 0 11       1 0 0 02                    R 60e                                      
 20 1060.012912           2.150E-01                                       0 0 0 11       1 0 0 02                    R 62e                                      
 20 1060.735457           2.150E-01                                       0 0 0 11       1 0 0 02                    R 64e                                      
 20 1061.439096           2.150E-01                                       0 0 0 11       1 0 0 02                    R 66e                                      
 20 1062.123979           2.150E-01                                       0 0 0 11       1 0 0 02                    R 68e                                      
 20 1062.790261           2.150E-01                                       0 0 0 11       1 0 0 02                    R 70e                                      
 20 1063.438098           2.150E-01                                       0 0 0 11       1 0 0 02                    R 72e                                      
 20 1064.067649           2.150E-01                                       0 0 0 11       1 0 0 02                    R 74e                                      
 20 1064.679075           2.150E-01                                       0 0 0 11       1 0 0 02                    R 76e                                      
 20 1065.272538           2.150E-01                                       0 0 0 11       1 0 0 02                    R 78e                                      
 20 1065.848203           2.150E-01                                       0 0 0 11       1 0 0 02                    R 80e                                      
 20 1066.406235           2.150E-01                                       0 0 0 11       1 0 0 02                    R 82e                                      
 20 1066.946800           2.150E-01                                       0 0 0 11       1 0 0 02                    R 84e                                      
 20 1067.470065           2.150E-01                                       0 0 0 11       1 0 0 02                    R 86e                                      
 20 1067.976199           2.150E-01                                       0 0 0 11       1 0 0 02                    R 88e                                      
 20 1068.465369           2.150E-01                                       0 0 0 11       1 0 0 02                    R 90e                                      
 20 1068.937744           2.150E-01                                       0 0 0 11       1 0 0 02                    R 92e                                      
 20 1069.393490           2.150E-01                                       0 0 0 11       1 0 0 02                    R 94e                                      
 20 1069.832775           2.150E-01                                       0 0 0 11       1 0 0 02                    R 96e                                      
 20 1070.255766           2.150E-01                                       0 0 0 11       1 0 0 02                    R 98e                                      
