 2B  921.633409           1.800E-01                                       0 0 0 11       1 0 0 01                    P  2e                                      
 2B  920.138786           1.800E-01                                       0 0 0 11       1 0 0 01                    P  4e                                      
 2B  918.623087           1.800E-01                                       0 0 0 11       1 0 0 01                    P  6e                                      
 2B  917.086319           1.800E-01                                       0 0 0 11       1 0 0 01                    P  8e                                      
 2B  915.528482           1.800E-01                                       0 0 0 11       1 0 0 01                    P 10e                                      
 2B  913.949571           1.800E-01                                       0 0 0 11       1 0 0 01                    P 12e                                      
 2B  912.349575           1.800E-01                                       0 0 0 11       1 0 0 01                    P 14e                                      
 2B  910.728477           1.800E-01                                       0 0 0 11       1 0 0 01                    P 16e                                      
 2B  909.086254           1.800E-01                                       0 0 0 11       1 0 0 01                    P 18e                                      
 2B  907.422879           1.800E-01                                       0 0 0 11       1 0 0 01                    P 20e                                      
 2B  905.738316           1.800E-01                                       0 0 0 11       1 0 0 01                    P 22e                                      
 2B  904.032527           1.800E-01                                       0 0 0 11       1 0 0 01                    P 24e                                      
 2B  902.305463           1.800E-01                                       0 0 0 11       1 0 0 01                    P 26e                                      
 2B  900.557074           1.800E-01                                       0 0 0 11       1 0 0 01                    P 28e                                      
 2B  898.787297           1.800E-01                                       0 0 0 11       1 0 0 01                    P 30e                                      
 2B  896.996067           1.800E-01                                       0 0 0 11       1 0 0 01                    P 32e                                      
 2B  895.183308           1.800E-01                                       0 0 0 11       1 0 0 01                    P 34e                                      
 2B  893.348934           1.800E-01                                       0 0 0 11       1 0 0 01                    P 36e                                      
 2B  891.492851           1.800E-01                                       0 0 0 11       1 0 0 01                    P 38e                                      
 2B  889.614952           1.800E-01                                       0 0 0 11       1 0 0 01                    P 40e                                      
 2B  887.715115           1.800E-01                                       0 0 0 11       1 0 0 01                    P 42e                                      
 2B  885.793207           1.800E-01                                       0 0 0 11       1 0 0 01                    P 44e                                      
 2B  883.849073           1.800E-01                                       0 0 0 11       1 0 0 01                    P 46e                                      
 2B  881.882539           1.800E-01                                       0 0 0 11       1 0 0 01                    P 48e                                      
 2B  879.893410           1.800E-01                                       0 0 0 11       1 0 0 01                    P 50e                                      
 2B  877.881460           1.800E-01                                       0 0 0 11       1 0 0 01                    P 52e                                      
 2B  875.846434           1.800E-01                                       0 0 0 11       1 0 0 01                    P 54e                                      
 2B  873.788042           1.800E-01                                       0 0 0 11       1 0 0 01                    P 56e                                      
 2B  871.705951           1.800E-01                                       0 0 0 11       1 0 0 01                    P 58e                                      
 2B  869.599784           1.800E-01                                       0 0 0 11       1 0 0 01                    P 60e                                      
 2B  867.469109           1.800E-01                                       0 0 0 11       1 0 0 01                    P 62e                                      
 2B  865.313435           1.800E-01                                       0 0 0 11       1 0 0 01                    P 64e                                      
 2B  863.132200           1.800E-01                                       0 0 0 11       1 0 0 01                    P 66e                                      
 2B  860.924768           1.800E-01                                       0 0 0 11       1 0 0 01                    P 68e                                      
 2B  858.690415           1.800E-01                                       0 0 0 11       1 0 0 01                    P 70e                                      
 2B  856.428319           1.800E-01                                       0 0 0 11       1 0 0 01                    P 72e                                      
 2B  854.137549           1.800E-01                                       0 0 0 11       1 0 0 01                    P 74e                                      
 2B  851.817052           1.800E-01                                       0 0 0 11       1 0 0 01                    P 76e                                      
 2B  849.465641           1.800E-01                                       0 0 0 11       1 0 0 01                    P 78e                                      
 2B  847.081975           1.800E-01                                       0 0 0 11       1 0 0 01                    P 80e                                      
 2B  844.664550           1.800E-01                                       0 0 0 11       1 0 0 01                    P 82e                                      
 2B  842.211674           1.800E-01                                       0 0 0 11       1 0 0 01                    P 84e                                      
 2B  839.721454           1.800E-01                                       0 0 0 11       1 0 0 01                    P 86e                                      
 2B  837.191771           1.800E-01                                       0 0 0 11       1 0 0 01                    P 88e                                      
 2B  834.620261           1.800E-01                                       0 0 0 11       1 0 0 01                    P 90e                                      
 2B  832.004292           1.800E-01                                       0 0 0 11       1 0 0 01                    P 92e                                      
 2B  829.340934           1.800E-01                                       0 0 0 11       1 0 0 01                    P 94e                                      
 2B  826.626940           1.800E-01                                       0 0 0 11       1 0 0 01                    P 96e                                      
 2B  823.858707           1.800E-01                                       0 0 0 11       1 0 0 01                    P 98e                                      
 2B  821.032256           1.800E-01                                       0 0 0 11       1 0 0 01                    P 100e                                     
 2B  923.835799           1.800E-01                                       0 0 0 11       1 0 0 01                    R  0e                                      
 2B  925.277667           1.800E-01                                       0 0 0 11       1 0 0 01                    R  2e                                      
 2B  926.698391           1.800E-01                                       0 0 0 11       1 0 0 01                    R  4e                                      
 2B  928.097938           1.800E-01                                       0 0 0 11       1 0 0 01                    R  6e                                      
 2B  929.476270           1.800E-01                                       0 0 0 11       1 0 0 01                    R  8e                                      
 2B  930.833341           1.800E-01                                       0 0 0 11       1 0 0 01                    R 10e                                      
 2B  932.169101           1.800E-01                                       0 0 0 11       1 0 0 01                    R 12e                                      
 2B  933.483494           1.800E-01                                       0 0 0 11       1 0 0 01                    R 14e                                      
 2B  934.776459           1.800E-01                                       0 0 0 11       1 0 0 01                    R 16e                                      
 2B  936.047926           1.800E-01                                       0 0 0 11       1 0 0 01                    R 18e                                      
 2B  937.297824           1.800E-01                                       0 0 0 11       1 0 0 01                    R 20e                                      
 2B  938.526072           1.800E-01                                       0 0 0 11       1 0 0 01                    R 22e                                      
 2B  939.732584           1.800E-01                                       0 0 0 11       1 0 0 01                    R 24e                                      
 2B  940.917270           1.800E-01                                       0 0 0 11       1 0 0 01                    R 26e                                      
 2B  942.080032           1.800E-01                                       0 0 0 11       1 0 0 01                    R 28e                                      
 2B  943.220763           1.800E-01                                       0 0 0 11       1 0 0 01                    R 30e                                      
 2B  944.339352           1.800E-01                                       0 0 0 11       1 0 0 01                    R 32e                                      
 2B  945.435677           1.800E-01                                       0 0 0 11       1 0 0 01                    R 34e                                      
 2B  946.509609           1.800E-01                                       0 0 0 11       1 0 0 01                    R 36e                                      
 2B  947.561008           1.800E-01                                       0 0 0 11       1 0 0 01                    R 38e                                      
 2B  948.589722           1.800E-01                                       0 0 0 11       1 0 0 01                    R 40e                                      
 2B  949.595586           1.800E-01                                       0 0 0 11       1 0 0 01                    R 42e                                      
 2B  950.578421           1.800E-01                                       0 0 0 11       1 0 0 01                    R 44e                                      
 2B  951.538029           1.800E-01                                       0 0 0 11       1 0 0 01                    R 46e                                      
 2B  952.474193           1.800E-01                                       0 0 0 11       1 0 0 01                    R 48e                                      
 2B  953.386673           1.800E-01                                       0 0 0 11       1 0 0 01                    R 50e                                      
 2B  954.275201           1.800E-01                                       0 0 0 11       1 0 0 01                    R 52e                                      
 2B  955.139481           1.800E-01                                       0 0 0 11       1 0 0 01                    R 54e                                      
 2B  955.979181           1.800E-01                                       0 0 0 11       1 0 0 01                    R 56e                                      
 2B  956.793927           1.800E-01                                       0 0 0 11       1 0 0 01                    R 58e                                      
 2B  957.583302           1.800E-01                                       0 0 0 11       1 0 0 01                    R 60e                                      
 2B  958.346835           1.800E-01                                       0 0 0 11       1 0 0 01                    R 62e                                      
 2B  959.083997           1.800E-01                                       0 0 0 11       1 0 0 01                    R 64e                                      
 2B  959.794191           1.800E-01                                       0 0 0 11       1 0 0 01                    R 66e                                      
 2B  960.476744           1.800E-01                                       0 0 0 11       1 0 0 01                    R 68e                                      
 2B  961.130899           1.800E-01                                       0 0 0 11       1 0 0 01                    R 70e                                      
 2B  961.755800           1.800E-01                                       0 0 0 11       1 0 0 01                    R 72e                                      
 2B  962.350488           1.800E-01                                       0 0 0 11       1 0 0 01                    R 74e                                      
 2B  962.913880           1.800E-01                                       0 0 0 11       1 0 0 01                    R 76e                                      
 2B  963.444762           1.800E-01                                       0 0 0 11       1 0 0 01                    R 78e                                      
 2B  963.941770           1.800E-01                                       0 0 0 11       1 0 0 01                    R 80e                                      
 2B  964.403377           1.800E-01                                       0 0 0 11       1 0 0 01                    R 82e                                      
 2B  964.827874           1.800E-01                                       0 0 0 11       1 0 0 01                    R 84e                                      
 2B  965.213349           1.800E-01                                       0 0 0 11       1 0 0 01                    R 86e                                      
 2B  965.557672           1.800E-01                                       0 0 0 11       1 0 0 01                    R 88e                                      
 2B  965.858470           1.800E-01                                       0 0 0 11       1 0 0 01                    R 90e                                      
 2B  966.113102           1.800E-01                                       0 0 0 11       1 0 0 01                    R 92e                                      
 2B  966.318640           1.800E-01                                       0 0 0 11       1 0 0 01                    R 94e                                      
 2B  966.471835           1.800E-01                                       0 0 0 11       1 0 0 01                    R 96e                                      
 2B  966.569093           1.800E-01                                       0 0 0 11       1 0 0 01                    R 98e                                      
