 23  963.639345           3.100E-01                                       0 0 0 21       1 0 0 11                    P  1e                                      
 23  962.901837           3.100E-01                                       0 0 0 21       1 0 0 11                    P  2e                                      
 23  962.157969           3.100E-01                                       0 0 0 21       1 0 0 11                    P  3e                                      
 23  961.407742           3.100E-01                                       0 0 0 21       1 0 0 11                    P  4e                                      
 23  960.651159           3.100E-01                                       0 0 0 21       1 0 0 11                    P  5e                                      
 23  959.888219           3.100E-01                                       0 0 0 21       1 0 0 11                    P  6e                                      
 23  959.118923           3.100E-01                                       0 0 0 21       1 0 0 11                    P  7e                                      
 23  958.343271           3.100E-01                                       0 0 0 21       1 0 0 11                    P  8e                                      
 23  957.561263           3.100E-01                                       0 0 0 21       1 0 0 11                    P  9e                                      
 23  956.772898           3.100E-01                                       0 0 0 21       1 0 0 11                    P 10e                                      
 23  955.978174           3.100E-01                                       0 0 0 21       1 0 0 11                    P 11e                                      
 23  955.177090           3.100E-01                                       0 0 0 21       1 0 0 11                    P 12e                                      
 23  954.369645           3.100E-01                                       0 0 0 21       1 0 0 11                    P 13e                                      
 23  953.555835           3.100E-01                                       0 0 0 21       1 0 0 11                    P 14e                                      

# lines exist in HITRAN

 23  949.391205           3.100E-01                                       0 0 0 21       1 0 0 11                    P 19e                                      
 23  948.539134           3.100E-01                                       0 0 0 21       1 0 0 11                    P 20e                                      
 23  947.680670           3.100E-01                                       0 0 0 21       1 0 0 11                    P 21e                                      
 23  946.815808           3.100E-01                                       0 0 0 21       1 0 0 11                    P 22e                                      
 23  945.944540           3.100E-01                                       0 0 0 21       1 0 0 11                    P 23e                                      
 23  945.066861           3.100E-01                                       0 0 0 21       1 0 0 11                    P 24e                                      
 23  944.182763           3.100E-01                                       0 0 0 21       1 0 0 11                    P 25e                                      
 23  943.292240           3.100E-01                                       0 0 0 21       1 0 0 11                    P 26e                                      
 23  942.395282           3.100E-01                                       0 0 0 21       1 0 0 11                    P 27e                                      
 23  941.491882           3.100E-01                                       0 0 0 21       1 0 0 11                    P 28e                                      
 23  940.582030           3.100E-01                                       0 0 0 21       1 0 0 11                    P 29e                                      
 23  939.665719           3.100E-01                                       0 0 0 21       1 0 0 11                    P 30e                                      
 23  938.742938           3.100E-01                                       0 0 0 21       1 0 0 11                    P 31e                                      
 23  937.813676           3.100E-01                                       0 0 0 21       1 0 0 11                    P 32e                                      
 23  936.877925           3.100E-01                                       0 0 0 21       1 0 0 11                    P 33e                                      
 23  935.935671           3.100E-01                                       0 0 0 21       1 0 0 11                    P 34e                                      
 23  934.986905           3.100E-01                                       0 0 0 21       1 0 0 11                    P 35e                                      
 23  934.031615           3.100E-01                                       0 0 0 21       1 0 0 11                    P 36e                                      
 23  933.069787           3.100E-01                                       0 0 0 21       1 0 0 11                    P 37e                                      
 23  932.101410           3.100E-01                                       0 0 0 21       1 0 0 11                    P 38e                                      
 23  931.126470           3.100E-01                                       0 0 0 21       1 0 0 11                    P 39e                                      
 23  930.144953           3.100E-01                                       0 0 0 21       1 0 0 11                    P 40e                                      
 23  929.156846           3.100E-01                                       0 0 0 21       1 0 0 11                    P 41e                                      
 23  928.162133           3.100E-01                                       0 0 0 21       1 0 0 11                    P 42e                                      
 23  927.160799           3.100E-01                                       0 0 0 21       1 0 0 11                    P 43e                                      
 23  926.152830           3.100E-01                                       0 0 0 21       1 0 0 11                    P 44e                                      
 23  925.138209           3.100E-01                                       0 0 0 21       1 0 0 11                    P 45e                                      
 23  924.116920           3.100E-01                                       0 0 0 21       1 0 0 11                    P 46e                                      
 23  923.088945           3.100E-01                                       0 0 0 21       1 0 0 11                    P 47e                                      
 23  922.054267           3.100E-01                                       0 0 0 21       1 0 0 11                    P 48e                                      
 23  921.012869           3.100E-01                                       0 0 0 21       1 0 0 11                    P 49e                                      
 23  919.964731           3.100E-01                                       0 0 0 21       1 0 0 11                    P 50e                                      
 23  918.909836           3.100E-01                                       0 0 0 21       1 0 0 11                    P 51e                                      
 23  917.848163           3.100E-01                                       0 0 0 21       1 0 0 11                    P 52e                                      
 23  916.779693           3.100E-01                                       0 0 0 21       1 0 0 11                    P 53e                                      
 23  915.704405           3.100E-01                                       0 0 0 21       1 0 0 11                    P 54e                                      
 23  914.622279           3.100E-01                                       0 0 0 21       1 0 0 11                    P 55e                                      
 23  913.533293           3.100E-01                                       0 0 0 21       1 0 0 11                    P 56e                                      
 23  912.437425           3.100E-01                                       0 0 0 21       1 0 0 11                    P 57e                                      
 23  911.334653           3.100E-01                                       0 0 0 21       1 0 0 11                    P 58e                                      
 23  910.224954           3.100E-01                                       0 0 0 21       1 0 0 11                    P 59e                                      
 23  909.108304           3.100E-01                                       0 0 0 21       1 0 0 11                    P 60e                                      
 23  907.984681           3.100E-01                                       0 0 0 21       1 0 0 11                    P 61e                                      
 23  906.854058           3.100E-01                                       0 0 0 21       1 0 0 11                    P 62e                                      
 23  905.716412           3.100E-01                                       0 0 0 21       1 0 0 11                    P 63e                                      
 23  904.571717           3.100E-01                                       0 0 0 21       1 0 0 11                    P 64e                                      
 23  903.419947           3.100E-01                                       0 0 0 21       1 0 0 11                    P 65e                                      
 23  902.261075           3.100E-01                                       0 0 0 21       1 0 0 11                    P 66e                                      
 23  901.095074           3.100E-01                                       0 0 0 21       1 0 0 11                    P 67e                                      
 23  899.921917           3.100E-01                                       0 0 0 21       1 0 0 11                    P 68e                                      
 23  898.741576           3.100E-01                                       0 0 0 21       1 0 0 11                    P 69e                                      
 23  897.554022           3.100E-01                                       0 0 0 21       1 0 0 11                    P 70e                                      
 23  896.359226           3.100E-01                                       0 0 0 21       1 0 0 11                    P 71e                                      
 23  895.157158           3.100E-01                                       0 0 0 21       1 0 0 11                    P 72e                                      
 23  893.947789           3.100E-01                                       0 0 0 21       1 0 0 11                    P 73e                                      
 23  892.731086           3.100E-01                                       0 0 0 21       1 0 0 11                    P 74e                                      
 23  891.507019           3.100E-01                                       0 0 0 21       1 0 0 11                    P 75e                                      
 23  890.275557           3.100E-01                                       0 0 0 21       1 0 0 11                    P 76e                                      
 23  889.036666           3.100E-01                                       0 0 0 21       1 0 0 11                    P 77e                                      
 23  887.790314           3.100E-01                                       0 0 0 21       1 0 0 11                    P 78e                                      
 23  886.536468           3.100E-01                                       0 0 0 21       1 0 0 11                    P 79e                                      
 23  885.275093           3.100E-01                                       0 0 0 21       1 0 0 11                    P 80e                                      
 23  884.006155           3.100E-01                                       0 0 0 21       1 0 0 11                    P 81e                                      
 23  882.729618           3.100E-01                                       0 0 0 21       1 0 0 11                    P 82e                                      
 23  881.445447           3.100E-01                                       0 0 0 21       1 0 0 11                    P 83e                                      
 23  880.153607           3.100E-01                                       0 0 0 21       1 0 0 11                    P 84e                                      
 23  878.854059           3.100E-01                                       0 0 0 21       1 0 0 11                    P 85e                                      
 23  877.546768           3.100E-01                                       0 0 0 21       1 0 0 11                    P 86e                                      
 23  876.231695           3.100E-01                                       0 0 0 21       1 0 0 11                    P 87e                                      
 23  874.908801           3.100E-01                                       0 0 0 21       1 0 0 11                    P 88e                                      
 23  873.578049           3.100E-01                                       0 0 0 21       1 0 0 11                    P 89e                                      
 23  872.239397           3.100E-01                                       0 0 0 21       1 0 0 11                    P 90e                                      
 23  870.892808           3.100E-01                                       0 0 0 21       1 0 0 11                    P 91e                                      
 23  869.538239           3.100E-01                                       0 0 0 21       1 0 0 11                    P 92e                                      
 23  868.175651           3.100E-01                                       0 0 0 21       1 0 0 11                    P 93e                                      
 23  866.805001           3.100E-01                                       0 0 0 21       1 0 0 11                    P 94e                                      
 23  865.426247           3.100E-01                                       0 0 0 21       1 0 0 11                    P 95e                                      
 23  864.039347           3.100E-01                                       0 0 0 21       1 0 0 11                    P 96e                                      
 23  862.644258           3.100E-01                                       0 0 0 21       1 0 0 11                    P 97e                                      
 23  861.240935           3.100E-01                                       0 0 0 21       1 0 0 11                    P 98e                                      
 23  859.829336           3.100E-01                                       0 0 0 21       1 0 0 11                    P 99e                                      
 23  858.409414           3.100E-01                                       0 0 0 21       1 0 0 11                    P 100e                                     
 23  965.095273           3.100E-01                                       0 0 0 21       1 0 0 11                    R  0e                                      
 23  965.813687           3.100E-01                                       0 0 0 21       1 0 0 11                    R  1e                                      
 23  966.525731           3.100E-01                                       0 0 0 21       1 0 0 11                    R  2e                                      
 23  967.231400           3.100E-01                                       0 0 0 21       1 0 0 11                    R  3e                                      
 23  967.930692           3.100E-01                                       0 0 0 21       1 0 0 11                    R  4e                                      
 23  968.623600           3.100E-01                                       0 0 0 21       1 0 0 11                    R  5e                                      
 23  969.310122           3.100E-01                                       0 0 0 21       1 0 0 11                    R  6e                                      
 23  969.990250           3.100E-01                                       0 0 0 21       1 0 0 11                    R  7e                                      
 23  970.663980           3.100E-01                                       0 0 0 21       1 0 0 11                    R  8e                                      
 23  971.331305           3.100E-01                                       0 0 0 21       1 0 0 11                    R  9e                                      
 23  971.992219           3.100E-01                                       0 0 0 21       1 0 0 11                    R 10e                                      
 23  972.646716           3.100E-01                                       0 0 0 21       1 0 0 11                    R 11e                                      
 
# lines exist in HITRAN
 
 23  978.836889           3.100E-01                                       0 0 0 21       1 0 0 11                    R 21e                                      
 23  979.420217           3.100E-01                                       0 0 0 21       1 0 0 11                    R 22e                                      
 23  979.997013           3.100E-01                                       0 0 0 21       1 0 0 11                    R 23e                                      
 23  980.567263           3.100E-01                                       0 0 0 21       1 0 0 11                    R 24e                                      
 23  981.130956           3.100E-01                                       0 0 0 21       1 0 0 11                    R 25e                                      
 23  981.688079           3.100E-01                                       0 0 0 21       1 0 0 11                    R 26e                                      
 23  982.238617           3.100E-01                                       0 0 0 21       1 0 0 11                    R 27e                                      
 23  982.782557           3.100E-01                                       0 0 0 21       1 0 0 11                    R 28e                                      
 23  983.319884           3.100E-01                                       0 0 0 21       1 0 0 11                    R 29e                                      
 23  983.850584           3.100E-01                                       0 0 0 21       1 0 0 11                    R 30e                                      
 23  984.374641           3.100E-01                                       0 0 0 21       1 0 0 11                    R 31e                                      
 23  984.892039           3.100E-01                                       0 0 0 21       1 0 0 11                    R 32e                                      
 23  985.402763           3.100E-01                                       0 0 0 21       1 0 0 11                    R 33e                                      
 23  985.906795           3.100E-01                                       0 0 0 21       1 0 0 11                    R 34e                                      
 23  986.404119           3.100E-01                                       0 0 0 21       1 0 0 11                    R 35e                                      
 23  986.894717           3.100E-01                                       0 0 0 21       1 0 0 11                    R 36e                                      
 23  987.378571           3.100E-01                                       0 0 0 21       1 0 0 11                    R 37e                                      
 23  987.855663           3.100E-01                                       0 0 0 21       1 0 0 11                    R 38e                                      
 23  988.325973           3.100E-01                                       0 0 0 21       1 0 0 11                    R 39e                                      
 23  988.789483           3.100E-01                                       0 0 0 21       1 0 0 11                    R 40e                                      
 23  989.246173           3.100E-01                                       0 0 0 21       1 0 0 11                    R 41e                                      
 23  989.696023           3.100E-01                                       0 0 0 21       1 0 0 11                    R 42e                                      
 23  990.139011           3.100E-01                                       0 0 0 21       1 0 0 11                    R 43e                                      
 23  990.575117           3.100E-01                                       0 0 0 21       1 0 0 11                    R 44e                                      
 23  991.004318           3.100E-01                                       0 0 0 21       1 0 0 11                    R 45e                                      
 23  991.426593           3.100E-01                                       0 0 0 21       1 0 0 11                    R 46e                                      
 23  991.841920           3.100E-01                                       0 0 0 21       1 0 0 11                    R 47e                                      
 23  992.250274           3.100E-01                                       0 0 0 21       1 0 0 11                    R 48e                                      
 23  992.651633           3.100E-01                                       0 0 0 21       1 0 0 11                    R 49e                                      
 23  993.045973           3.100E-01                                       0 0 0 21       1 0 0 11                    R 50e                                      
 23  993.433268           3.100E-01                                       0 0 0 21       1 0 0 11                    R 51e                                      
 23  993.813494           3.100E-01                                       0 0 0 21       1 0 0 11                    R 52e                                      
 23  994.186626           3.100E-01                                       0 0 0 21       1 0 0 11                    R 53e                                      
 23  994.552637           3.100E-01                                       0 0 0 21       1 0 0 11                    R 54e                                      
 23  994.911500           3.100E-01                                       0 0 0 21       1 0 0 11                    R 55e                                      
 23  995.263190           3.100E-01                                       0 0 0 21       1 0 0 11                    R 56e                                      
 23  995.607678           3.100E-01                                       0 0 0 21       1 0 0 11                    R 57e                                      
 23  995.944936           3.100E-01                                       0 0 0 21       1 0 0 11                    R 58e                                      
 23  996.274935           3.100E-01                                       0 0 0 21       1 0 0 11                    R 59e                                      
 23  996.597648           3.100E-01                                       0 0 0 21       1 0 0 11                    R 60e                                      
 23  996.913044           3.100E-01                                       0 0 0 21       1 0 0 11                    R 61e                                      
 23  997.221092           3.100E-01                                       0 0 0 21       1 0 0 11                    R 62e                                      
 23  997.521763           3.100E-01                                       0 0 0 21       1 0 0 11                    R 63e                                      
 23  997.815026           3.100E-01                                       0 0 0 21       1 0 0 11                    R 64e                                      
 23  998.100848           3.100E-01                                       0 0 0 21       1 0 0 11                    R 65e                                      
 23  998.379198           3.100E-01                                       0 0 0 21       1 0 0 11                    R 66e                                      
 23  998.650044           3.100E-01                                       0 0 0 21       1 0 0 11                    R 67e                                      
 23  998.913350           3.100E-01                                       0 0 0 21       1 0 0 11                    R 68e                                      
 23  999.169085           3.100E-01                                       0 0 0 21       1 0 0 11                    R 69e                                      
 23  999.417214           3.100E-01                                       0 0 0 21       1 0 0 11                    R 70e                                      
 23  999.657702           3.100E-01                                       0 0 0 21       1 0 0 11                    R 71e                                      
 23  999.890513           3.100E-01                                       0 0 0 21       1 0 0 11                    R 72e                                      
 23 1000.115613           3.100E-01                                       0 0 0 21       1 0 0 11                    R 73e                                      
 23 1000.332964           3.100E-01                                       0 0 0 21       1 0 0 11                    R 74e                                      
 23 1000.542529           3.100E-01                                       0 0 0 21       1 0 0 11                    R 75e                                      
 23 1000.744272           3.100E-01                                       0 0 0 21       1 0 0 11                    R 76e                                      
 23 1000.938154           3.100E-01                                       0 0 0 21       1 0 0 11                    R 77e                                      
 23 1001.124136           3.100E-01                                       0 0 0 21       1 0 0 11                    R 78e                                      
 23 1001.302180           3.100E-01                                       0 0 0 21       1 0 0 11                    R 79e                                      
 23 1001.472246           3.100E-01                                       0 0 0 21       1 0 0 11                    R 80e                                      
 23 1001.634294           3.100E-01                                       0 0 0 21       1 0 0 11                    R 81e                                      
 23 1001.788283           3.100E-01                                       0 0 0 21       1 0 0 11                    R 82e                                      
 23 1001.934171           3.100E-01                                       0 0 0 21       1 0 0 11                    R 83e                                      
 23 1002.071918           3.100E-01                                       0 0 0 21       1 0 0 11                    R 84e                                      
 23 1002.201480           3.100E-01                                       0 0 0 21       1 0 0 11                    R 85e                                      
 23 1002.322816           3.100E-01                                       0 0 0 21       1 0 0 11                    R 86e                                      
 23 1002.435880           3.100E-01                                       0 0 0 21       1 0 0 11                    R 87e                                      
 23 1002.540630           3.100E-01                                       0 0 0 21       1 0 0 11                    R 88e                                      
 23 1002.637022           3.100E-01                                       0 0 0 21       1 0 0 11                    R 89e                                      
 23 1002.725009           3.100E-01                                       0 0 0 21       1 0 0 11                    R 90e                                      
 23 1002.804547           3.100E-01                                       0 0 0 21       1 0 0 11                    R 91e                                      
 23 1002.875589           3.100E-01                                       0 0 0 21       1 0 0 11                    R 92e                                      
 23 1002.938089           3.100E-01                                       0 0 0 21       1 0 0 11                    R 93e                                      
 23 1002.992000           3.100E-01                                       0 0 0 21       1 0 0 11                    R 94e                                      
 23 1003.037273           3.100E-01                                       0 0 0 21       1 0 0 11                    R 95e                                      
 23 1003.073862           3.100E-01                                       0 0 0 21       1 0 0 11                    R 96e                                      
 23 1003.101717           3.100E-01                                       0 0 0 21       1 0 0 11                    R 97e                                      
 23 1003.120788           3.100E-01                                       0 0 0 21       1 0 0 11                    R 98e                                      
 23 1003.131027           3.100E-01                                       0 0 0 21       1 0 0 11                    R 99e                                      
