 27  964.945396           3.100E-01                                       0 0 0 21       1 0 0 11                    P  1e                                      
 27  963.547080           3.100E-01                                       0 0 0 21       1 0 0 11                    P  3e                                      
 27  962.122497           3.100E-01                                       0 0 0 21       1 0 0 11                    P  5e                                      
 27  960.671653           3.100E-01                                       0 0 0 21       1 0 0 11                    P  7e                                      
 27  959.194554           3.100E-01                                       0 0 0 21       1 0 0 11                    P  9e                                      
 27  957.691198           3.100E-01                                       0 0 0 21       1 0 0 11                    P 11e                                      
 27  956.161578           3.100E-01                                       0 0 0 21       1 0 0 11                    P 13e                                      
 27  954.605682           3.100E-01                                       0 0 0 21       1 0 0 11                    P 15e                                      
 27  953.023494           3.100E-01                                       0 0 0 21       1 0 0 11                    P 17e                                      
 27  951.414991           3.100E-01                                       0 0 0 21       1 0 0 11                    P 19e                                      
 27  949.780146           3.100E-01                                       0 0 0 21       1 0 0 11                    P 21e                                      
 27  948.118927           3.100E-01                                       0 0 0 21       1 0 0 11                    P 23e                                      
 27  946.431295           3.100E-01                                       0 0 0 21       1 0 0 11                    P 25e                                      
 27  944.717207           3.100E-01                                       0 0 0 21       1 0 0 11                    P 27e                                      
 27  942.976615           3.100E-01                                       0 0 0 21       1 0 0 11                    P 29e                                      
 27  941.209464           3.100E-01                                       0 0 0 21       1 0 0 11                    P 31e                                      
 27  939.415695           3.100E-01                                       0 0 0 21       1 0 0 11                    P 33e                                      
 27  937.595243           3.100E-01                                       0 0 0 21       1 0 0 11                    P 35e                                      
 27  935.748037           3.100E-01                                       0 0 0 21       1 0 0 11                    P 37e                                      
 27  933.874001           3.100E-01                                       0 0 0 21       1 0 0 11                    P 39e                                      
 27  931.973052           3.100E-01                                       0 0 0 21       1 0 0 11                    P 41e                                      
 27  930.045104           3.100E-01                                       0 0 0 21       1 0 0 11                    P 43e                                      
 27  928.090062           3.100E-01                                       0 0 0 21       1 0 0 11                    P 45e                                      
 27  926.107828           3.100E-01                                       0 0 0 21       1 0 0 11                    P 47e                                      
 27  924.098298           3.100E-01                                       0 0 0 21       1 0 0 11                    P 49e                                      
 27  922.061360           3.100E-01                                       0 0 0 21       1 0 0 11                    P 51e                                      
 27  919.996898           3.100E-01                                       0 0 0 21       1 0 0 11                    P 53e                                      
 27  917.904790           3.100E-01                                       0 0 0 21       1 0 0 11                    P 55e                                      
 27  915.784909           3.100E-01                                       0 0 0 21       1 0 0 11                    P 57e                                      
 27  913.637120           3.100E-01                                       0 0 0 21       1 0 0 11                    P 59e                                      
 27  911.461285           3.100E-01                                       0 0 0 21       1 0 0 11                    P 61e                                      
 27  909.257259           3.100E-01                                       0 0 0 21       1 0 0 11                    P 63e                                      
 27  907.024892           3.100E-01                                       0 0 0 21       1 0 0 11                    P 65e                                      
 27  904.764028           3.100E-01                                       0 0 0 21       1 0 0 11                    P 67e                                      
 27  902.474506           3.100E-01                                       0 0 0 21       1 0 0 11                    P 69e                                      
 27  900.156160           3.100E-01                                       0 0 0 21       1 0 0 11                    P 71e                                      
 27  897.808819           3.100E-01                                       0 0 0 21       1 0 0 11                    P 73e                                      
 27  895.432308           3.100E-01                                       0 0 0 21       1 0 0 11                    P 75e                                      
 27  893.026444           3.100E-01                                       0 0 0 21       1 0 0 11                    P 77e                                      
 27  890.591045           3.100E-01                                       0 0 0 21       1 0 0 11                    P 79e                                      
 27  888.125920           3.100E-01                                       0 0 0 21       1 0 0 11                    P 81e                                      
 27  885.630876           3.100E-01                                       0 0 0 21       1 0 0 11                    P 83e                                      
 27  883.105719           3.100E-01                                       0 0 0 21       1 0 0 11                    P 85e                                      
 27  880.550247           3.100E-01                                       0 0 0 21       1 0 0 11                    P 87e                                      
 27  877.964260           3.100E-01                                       0 0 0 21       1 0 0 11                    P 89e                                      
 27  875.347552           3.100E-01                                       0 0 0 21       1 0 0 11                    P 91e                                      
 27  872.699917           3.100E-01                                       0 0 0 21       1 0 0 11                    P 93e                                      
 27  870.021149           3.100E-01                                       0 0 0 21       1 0 0 11                    P 95e                                      
 27  867.311038           3.100E-01                                       0 0 0 21       1 0 0 11                    P 97e                                      
 27  864.569378           3.100E-01                                       0 0 0 21       1 0 0 11                    P 99e                                      
 27  966.993585           3.100E-01                                       0 0 0 21       1 0 0 11                    R  1e                                      
 27  968.326159           3.100E-01                                       0 0 0 21       1 0 0 11                    R  3e                                      
 27  969.632394           3.100E-01                                       0 0 0 21       1 0 0 11                    R  5e                                      
 27  970.912260           3.100E-01                                       0 0 0 21       1 0 0 11                    R  7e                                      
 27  972.165718           3.100E-01                                       0 0 0 21       1 0 0 11                    R  9e                                      
 27  973.392728           3.100E-01                                       0 0 0 21       1 0 0 11                    R 11e                                      
 27  974.593243           3.100E-01                                       0 0 0 21       1 0 0 11                    R 13e                                      
 27  975.767210           3.100E-01                                       0 0 0 21       1 0 0 11                    R 15e                                      
 27  976.914573           3.100E-01                                       0 0 0 21       1 0 0 11                    R 17e                                      
 27  978.035269           3.100E-01                                       0 0 0 21       1 0 0 11                    R 19e                                      
 27  979.129230           3.100E-01                                       0 0 0 21       1 0 0 11                    R 21e                                      
 27  980.196384           3.100E-01                                       0 0 0 21       1 0 0 11                    R 23e                                      
 27  981.236652           3.100E-01                                       0 0 0 21       1 0 0 11                    R 25e                                      
 27  982.249951           3.100E-01                                       0 0 0 21       1 0 0 11                    R 27e                                      
 27  983.236192           3.100E-01                                       0 0 0 21       1 0 0 11                    R 29e                                      
 27  984.195281           3.100E-01                                       0 0 0 21       1 0 0 11                    R 31e                                      
 27  985.127117           3.100E-01                                       0 0 0 21       1 0 0 11                    R 33e                                      
 27  986.031596           3.100E-01                                       0 0 0 21       1 0 0 11                    R 35e                                      
 27  986.908606           3.100E-01                                       0 0 0 21       1 0 0 11                    R 37e                                      
 27  987.758031           3.100E-01                                       0 0 0 21       1 0 0 11                    R 39e                                      
 27  988.579749           3.100E-01                                       0 0 0 21       1 0 0 11                    R 41e                                      
 27  989.373631           3.100E-01                                       0 0 0 21       1 0 0 11                    R 43e                                      
 27  990.139546           3.100E-01                                       0 0 0 21       1 0 0 11                    R 45e                                      
 27  990.877353           3.100E-01                                       0 0 0 21       1 0 0 11                    R 47e                                      
 27  991.586907           3.100E-01                                       0 0 0 21       1 0 0 11                    R 49e                                      
 27  992.268059           3.100E-01                                       0 0 0 21       1 0 0 11                    R 51e                                      
 27  992.920651           3.100E-01                                       0 0 0 21       1 0 0 11                    R 53e                                      
 27  993.544522           3.100E-01                                       0 0 0 21       1 0 0 11                    R 55e                                      
 27  994.139505           3.100E-01                                       0 0 0 21       1 0 0 11                    R 57e                                      
 27  994.705426           3.100E-01                                       0 0 0 21       1 0 0 11                    R 59e                                      
 27  995.242106           3.100E-01                                       0 0 0 21       1 0 0 11                    R 61e                                      
 27  995.749362           3.100E-01                                       0 0 0 21       1 0 0 11                    R 63e                                      
 27  996.227004           3.100E-01                                       0 0 0 21       1 0 0 11                    R 65e                                      
 27  996.674838           3.100E-01                                       0 0 0 21       1 0 0 11                    R 67e                                      
 27  997.092662           3.100E-01                                       0 0 0 21       1 0 0 11                    R 69e                                      
 27  997.480272           3.100E-01                                       0 0 0 21       1 0 0 11                    R 71e                                      
 27  997.837460           3.100E-01                                       0 0 0 21       1 0 0 11                    R 73e                                      
 27  998.164009           3.100E-01                                       0 0 0 21       1 0 0 11                    R 75e                                      
 27  998.459703           3.100E-01                                       0 0 0 21       1 0 0 11                    R 77e                                      
 27  998.724317           3.100E-01                                       0 0 0 21       1 0 0 11                    R 79e                                      
 27  998.957625           3.100E-01                                       0 0 0 21       1 0 0 11                    R 81e                                      
 27  999.159398           3.100E-01                                       0 0 0 21       1 0 0 11                    R 83e                                      
 27  999.329402           3.100E-01                                       0 0 0 21       1 0 0 11                    R 85e                                      
 27  999.467401           3.100E-01                                       0 0 0 21       1 0 0 11                    R 87e                                      
 27  999.573157           3.100E-01                                       0 0 0 21       1 0 0 11                    R 89e                                      
 27  999.646429           3.100E-01                                       0 0 0 21       1 0 0 11                    R 91e                                      
 27  999.686977           3.100E-01                                       0 0 0 21       1 0 0 11                    R 93e                                      
 27  999.694557           3.100E-01                                       0 0 0 21       1 0 0 11                    R 95e                                      
 27  999.668928           3.100E-01                                       0 0 0 21       1 0 0 11                    R 97e                                      
 27  999.609848           3.100E-01                                       0 0 0 21       1 0 0 11                    R 99e                                      
