 20  927.200694           1.510E-01                                       0 0 0 11       1 0 0 01                    P  2e                                      
 20  925.784481           1.510E-01                                       0 0 0 11       1 0 0 01                    P  4e                                      
 20  924.345780           1.510E-01                                       0 0 0 11       1 0 0 01                    P  6e                                      
 20  922.884596           1.510E-01                                       0 0 0 11       1 0 0 01                    P  8e                                      
 20  921.400927           1.510E-01                                       0 0 0 11       1 0 0 01                    P 10e                                      
 20  919.894769           1.510E-01                                       0 0 0 11       1 0 0 01                    P 12e                                      

# lines exist in HITRAN

 20  912.026026           1.510E-01                                       0 0 0 11       1 0 0 01                    P 22e                                      
 20  910.384487           1.510E-01                                       0 0 0 11       1 0 0 01                    P 24e                                      
 20  908.720258           1.510E-01                                       0 0 0 11       1 0 0 01                    P 26e                                      
 20  907.033288           1.510E-01                                       0 0 0 11       1 0 0 01                    P 28e                                      
 20  905.323518           1.510E-01                                       0 0 0 11       1 0 0 01                    P 30e                                      
 20  903.590886           1.510E-01                                       0 0 0 11       1 0 0 01                    P 32e                                      
 20  901.835322           1.510E-01                                       0 0 0 11       1 0 0 01                    P 34e                                      
 20  900.056750           1.510E-01                                       0 0 0 11       1 0 0 01                    P 36e                                      
 20  898.255089           1.510E-01                                       0 0 0 11       1 0 0 01                    P 38e                                      
 20  896.430251           1.510E-01                                       0 0 0 11       1 0 0 01                    P 40e                                      
 20  894.582142           1.510E-01                                       0 0 0 11       1 0 0 01                    P 42e                                      
 20  892.710661           1.510E-01                                       0 0 0 11       1 0 0 01                    P 44e                                      
 20  890.815700           1.510E-01                                       0 0 0 11       1 0 0 01                    P 46e                                      
 20  888.897146           1.510E-01                                       0 0 0 11       1 0 0 01                    P 48e                                      
 20  886.954878           1.510E-01                                       0 0 0 11       1 0 0 01                    P 50e                                      
 20  884.988769           1.510E-01                                       0 0 0 11       1 0 0 01                    P 52e                                      
 20  882.998685           1.510E-01                                       0 0 0 11       1 0 0 01                    P 54e                                      
 20  880.984484           1.510E-01                                       0 0 0 11       1 0 0 01                    P 56e                                      
 20  878.946017           1.510E-01                                       0 0 0 11       1 0 0 01                    P 58e                                      
 20  876.883129           1.510E-01                                       0 0 0 11       1 0 0 01                    P 60e                                      
 20  874.795656           1.510E-01                                       0 0 0 11       1 0 0 01                    P 62e                                      
 20  872.683428           1.510E-01                                       0 0 0 11       1 0 0 01                    P 64e                                      
 20  870.546266           1.510E-01                                       0 0 0 11       1 0 0 01                    P 66e                                      
 20  868.383983           1.510E-01                                       0 0 0 11       1 0 0 01                    P 68e                                      
 20  866.196385           1.510E-01                                       0 0 0 11       1 0 0 01                    P 70e                                      
 20  863.983269           1.510E-01                                       0 0 0 11       1 0 0 01                    P 72e                                      
 20  861.744423           1.510E-01                                       0 0 0 11       1 0 0 01                    P 74e                                      
 20  859.479629           1.510E-01                                       0 0 0 11       1 0 0 01                    P 76e                                      
 20  857.188659           1.510E-01                                       0 0 0 11       1 0 0 01                    P 78e                                      
 20  854.871273           1.510E-01                                       0 0 0 11       1 0 0 01                    P 80e                                      
 20  852.527228           1.510E-01                                       0 0 0 11       1 0 0 01                    P 82e                                      
 20  850.156266           1.510E-01                                       0 0 0 11       1 0 0 01                    P 84e                                      
 20  847.758124           1.510E-01                                       0 0 0 11       1 0 0 01                    P 86e                                      
 20  845.332526           1.510E-01                                       0 0 0 11       1 0 0 01                    P 88e                                      
 20  842.879187           1.510E-01                                       0 0 0 11       1 0 0 01                    P 90e                                      
 20  840.397814           1.510E-01                                       0 0 0 11       1 0 0 01                    P 92e                                      
 20  837.888101           1.510E-01                                       0 0 0 11       1 0 0 01                    P 94e                                      
 20  835.349733           1.510E-01                                       0 0 0 11       1 0 0 01                    P 96e                                      
 20  832.782384           1.510E-01                                       0 0 0 11       1 0 0 01                    P 98e                                      
 20  830.185716           1.510E-01                                       0 0 0 11       1 0 0 01                    P 100e                                     
 20  929.282823           1.510E-01                                       0 0 0 11       1 0 0 01                    R  0e                                      
 20  930.642757           1.510E-01                                       0 0 0 11       1 0 0 01                    R  2e                                      
 20  931.980142           1.510E-01                                       0 0 0 11       1 0 0 01                    R  4e                                      
 20  933.294948           1.510E-01                                       0 0 0 11       1 0 0 01                    R  6e                                      
 20  934.587140           1.510E-01                                       0 0 0 11       1 0 0 01                    R  8e                                      
 20  935.856676           1.510E-01                                       0 0 0 11       1 0 0 01                    R 10e                                      

# lines exist in HITRAN

 20  944.104489           1.510E-01                                       0 0 0 11       1 0 0 01                    R 24e                                      
 20  945.190644           1.510E-01                                       0 0 0 11       1 0 0 01                    R 26e                                      
 20  946.253523           1.510E-01                                       0 0 0 11       1 0 0 01                    R 28e                                      
 20  947.293029           1.510E-01                                       0 0 0 11       1 0 0 01                    R 30e                                      
 20  948.309058           1.510E-01                                       0 0 0 11       1 0 0 01                    R 32e                                      
 20  949.301500           1.510E-01                                       0 0 0 11       1 0 0 01                    R 34e                                      
 20  950.270240           1.510E-01                                       0 0 0 11       1 0 0 01                    R 36e                                      
 20  951.215155           1.510E-01                                       0 0 0 11       1 0 0 01                    R 38e                                      
 20  952.136117           1.510E-01                                       0 0 0 11       1 0 0 01                    R 40e                                      
 20  953.032992           1.510E-01                                       0 0 0 11       1 0 0 01                    R 42e                                      
 20  953.905638           1.510E-01                                       0 0 0 11       1 0 0 01                    R 44e                                      
 20  954.753909           1.510E-01                                       0 0 0 11       1 0 0 01                    R 46e                                      
 20  955.577650           1.510E-01                                       0 0 0 11       1 0 0 01                    R 48e                                      
 20  956.376700           1.510E-01                                       0 0 0 11       1 0 0 01                    R 50e                                      
 20  957.150892           1.510E-01                                       0 0 0 11       1 0 0 01                    R 52e                                      
 20  957.900050           1.510E-01                                       0 0 0 11       1 0 0 01                    R 54e                                      
 20  958.623995           1.510E-01                                       0 0 0 11       1 0 0 01                    R 56e                                      
 20  959.322537           1.510E-01                                       0 0 0 11       1 0 0 01                    R 58e                                      
 20  959.995479           1.510E-01                                       0 0 0 11       1 0 0 01                    R 60e                                      
 20  960.642619           1.510E-01                                       0 0 0 11       1 0 0 01                    R 62e                                      
 20  961.263745           1.510E-01                                       0 0 0 11       1 0 0 01                    R 64e                                      
 20  961.858639           1.510E-01                                       0 0 0 11       1 0 0 01                    R 66e                                      
 20  962.427074           1.510E-01                                       0 0 0 11       1 0 0 01                    R 68e                                      
 20  962.968815           1.510E-01                                       0 0 0 11       1 0 0 01                    R 70e                                      
 20  963.483621           1.510E-01                                       0 0 0 11       1 0 0 01                    R 72e                                      
 20  963.971240           1.510E-01                                       0 0 0 11       1 0 0 01                    R 74e                                      
 20  964.431412           1.510E-01                                       0 0 0 11       1 0 0 01                    R 76e                                      
 20  964.863869           1.510E-01                                       0 0 0 11       1 0 0 01                    R 78e                                      
 20  965.268335           1.510E-01                                       0 0 0 11       1 0 0 01                    R 80e                                      
 20  965.644524           1.510E-01                                       0 0 0 11       1 0 0 01                    R 82e                                      
 20  965.992140           1.510E-01                                       0 0 0 11       1 0 0 01                    R 84e                                      
 20  966.310878           1.510E-01                                       0 0 0 11       1 0 0 01                    R 86e                                      
 20  966.600426           1.510E-01                                       0 0 0 11       1 0 0 01                    R 88e                                      
 20  966.860458           1.510E-01                                       0 0 0 11       1 0 0 01                    R 90e                                      
 20  967.090641           1.510E-01                                       0 0 0 11       1 0 0 01                    R 92e                                      
 20  967.290631           1.510E-01                                       0 0 0 11       1 0 0 01                    R 94e                                      
 20  967.460074           1.510E-01                                       0 0 0 11       1 0 0 01                    R 96e                                      
 20  967.598603           1.510E-01                                       0 0 0 11       1 0 0 01                    R 98e                                      
