 2B 1018.992503           1.700E-01                                       0 0 0 11       1 0 0 02                    P  2e                                      
 2B 1017.491056           1.700E-01                                       0 0 0 11       1 0 0 02                    P  4e                                      
 2B 1015.964664           1.700E-01                                       0 0 0 11       1 0 0 02                    P  6e                                      
 2B 1014.413371           1.700E-01                                       0 0 0 11       1 0 0 02                    P  8e                                      
 2B 1012.837230           1.700E-01                                       0 0 0 11       1 0 0 02                    P 10e                                      
 2B 1011.236303           1.700E-01                                       0 0 0 11       1 0 0 02                    P 12e                                      
 2B 1009.610659           1.700E-01                                       0 0 0 11       1 0 0 02                    P 14e                                      
 2B 1007.960376           1.700E-01                                       0 0 0 11       1 0 0 02                    P 16e                                      
 2B 1006.285539           1.700E-01                                       0 0 0 11       1 0 0 02                    P 18e                                      
 2B 1004.586243           1.700E-01                                       0 0 0 11       1 0 0 02                    P 20e                                      
 2B 1002.862589           1.700E-01                                       0 0 0 11       1 0 0 02                    P 22e                                      
 2B 1001.114687           1.700E-01                                       0 0 0 11       1 0 0 02                    P 24e                                      
 2B  999.342654           1.700E-01                                       0 0 0 11       1 0 0 02                    P 26e                                      
 2B  997.546617           1.700E-01                                       0 0 0 11       1 0 0 02                    P 28e                                      
 2B  995.726709           1.700E-01                                       0 0 0 11       1 0 0 02                    P 30e                                      
 2B  993.883068           1.700E-01                                       0 0 0 11       1 0 0 02                    P 32e                                      
 2B  992.015844           1.700E-01                                       0 0 0 11       1 0 0 02                    P 34e                                      
 2B  990.125189           1.700E-01                                       0 0 0 11       1 0 0 02                    P 36e                                      
 2B  988.211263           1.700E-01                                       0 0 0 11       1 0 0 02                    P 38e                                      
 2B  986.274232           1.700E-01                                       0 0 0 11       1 0 0 02                    P 40e                                      
 2B  984.314268           1.700E-01                                       0 0 0 11       1 0 0 02                    P 42e                                      
 2B  982.331543           1.700E-01                                       0 0 0 11       1 0 0 02                    P 44e                                      
 2B  980.326238           1.700E-01                                       0 0 0 11       1 0 0 02                    P 46e                                      
 2B  978.298533           1.700E-01                                       0 0 0 11       1 0 0 02                    P 48e                                      
 2B  976.248610           1.700E-01                                       0 0 0 11       1 0 0 02                    P 50e                                      
 2B  974.176650           1.700E-01                                       0 0 0 11       1 0 0 02                    P 52e                                      
 2B  972.082834           1.700E-01                                       0 0 0 11       1 0 0 02                    P 54e                                      
 2B  969.967341           1.700E-01                                       0 0 0 11       1 0 0 02                    P 56e                                      
 2B  967.830341           1.700E-01                                       0 0 0 11       1 0 0 02                    P 58e                                      
 2B  965.672001           1.700E-01                                       0 0 0 11       1 0 0 02                    P 60e                                      
 2B  963.492477           1.700E-01                                       0 0 0 11       1 0 0 02                    P 62e                                      
 2B  961.291912           1.700E-01                                       0 0 0 11       1 0 0 02                    P 64e                                      
 2B  959.070436           1.700E-01                                       0 0 0 11       1 0 0 02                    P 66e                                      
 2B  956.828161           1.700E-01                                       0 0 0 11       1 0 0 02                    P 68e                                      
 2B  954.565176           1.700E-01                                       0 0 0 11       1 0 0 02                    P 70e                                      
 2B  952.281548           1.700E-01                                       0 0 0 11       1 0 0 02                    P 72e                                      
 2B  949.977311           1.700E-01                                       0 0 0 11       1 0 0 02                    P 74e                                      
 2B  947.652470           1.700E-01                                       0 0 0 11       1 0 0 02                    P 76e                                      
 2B  945.306988           1.700E-01                                       0 0 0 11       1 0 0 02                    P 78e                                      
 2B  942.940785           1.700E-01                                       0 0 0 11       1 0 0 02                    P 80e                                      
 2B  940.553734           1.700E-01                                       0 0 0 11       1 0 0 02                    P 82e                                      
 2B  938.145651           1.700E-01                                       0 0 0 11       1 0 0 02                    P 84e                                      
 2B  935.716290           1.700E-01                                       0 0 0 11       1 0 0 02                    P 86e                                      
 2B  933.265336           1.700E-01                                       0 0 0 11       1 0 0 02                    P 88e                                      
 2B  930.792398           1.700E-01                                       0 0 0 11       1 0 0 02                    P 90e                                      
 2B  928.297001           1.700E-01                                       0 0 0 11       1 0 0 02                    P 92e                                      
 2B  925.778573           1.700E-01                                       0 0 0 11       1 0 0 02                    P 94e                                      
 2B  923.236444           1.700E-01                                       0 0 0 11       1 0 0 02                    P 96e                                      
 2B  920.669827           1.700E-01                                       0 0 0 11       1 0 0 02                    P 98e                                      
 2B 1021.197822           1.700E-01                                       0 0 0 11       1 0 0 02                    R  0e                                      
 2B 1022.636761           1.700E-01                                       0 0 0 11       1 0 0 02                    R  2e                                      
 2B 1024.050662           1.700E-01                                       0 0 0 11       1 0 0 02                    R  4e                                      
 2B 1025.439515           1.700E-01                                       0 0 0 11       1 0 0 02                    R  6e                                      
 2B 1026.803321           1.700E-01                                       0 0 0 11       1 0 0 02                    R  8e                                      
 2B 1028.142089           1.700E-01                                       0 0 0 11       1 0 0 02                    R 10e                                      
 2B 1029.455833           1.700E-01                                       0 0 0 11       1 0 0 02                    R 12e                                      
 2B 1030.744578           1.700E-01                                       0 0 0 11       1 0 0 02                    R 14e                                      
 2B 1032.008358           1.700E-01                                       0 0 0 11       1 0 0 02                    R 16e                                      
 2B 1033.247211           1.700E-01                                       0 0 0 11       1 0 0 02                    R 18e                                      
 2B 1034.461188           1.700E-01                                       0 0 0 11       1 0 0 02                    R 20e                                      
 2B 1035.650344           1.700E-01                                       0 0 0 11       1 0 0 02                    R 22e                                      
 2B 1036.814744           1.700E-01                                       0 0 0 11       1 0 0 02                    R 24e                                      
 2B 1037.954462           1.700E-01                                       0 0 0 11       1 0 0 02                    R 26e                                      
 2B 1039.069576           1.700E-01                                       0 0 0 11       1 0 0 02                    R 28e                                      
 2B 1040.160174           1.700E-01                                       0 0 0 11       1 0 0 02                    R 30e                                      
 2B 1041.226352           1.700E-01                                       0 0 0 11       1 0 0 02                    R 32e                                      
 2B 1042.268212           1.700E-01                                       0 0 0 11       1 0 0 02                    R 34e                                      
 2B 1043.285863           1.700E-01                                       0 0 0 11       1 0 0 02                    R 36e                                      
 2B 1044.279420           1.700E-01                                       0 0 0 11       1 0 0 02                    R 38e                                      
 2B 1045.249003           1.700E-01                                       0 0 0 11       1 0 0 02                    R 40e                                      
 2B 1046.194738           1.700E-01                                       0 0 0 11       1 0 0 02                    R 42e                                      
 2B 1047.116758           1.700E-01                                       0 0 0 11       1 0 0 02                    R 44e                                      
 2B 1048.015195           1.700E-01                                       0 0 0 11       1 0 0 02                    R 46e                                      
 2B 1048.890187           1.700E-01                                       0 0 0 11       1 0 0 02                    R 48e                                      
 2B 1049.741872           1.700E-01                                       0 0 0 11       1 0 0 02                    R 50e                                      
 2B 1050.570391           1.700E-01                                       0 0 0 11       1 0 0 02                    R 52e                                      
 2B 1051.375882           1.700E-01                                       0 0 0 11       1 0 0 02                    R 54e                                      
 2B 1052.158480           1.700E-01                                       0 0 0 11       1 0 0 02                    R 56e                                      
 2B 1052.918317           1.700E-01                                       0 0 0 11       1 0 0 02                    R 58e                                      
 2B 1053.655519           1.700E-01                                       0 0 0 11       1 0 0 02                    R 60e                                      
 2B 1054.370203           1.700E-01                                       0 0 0 11       1 0 0 02                    R 62e                                      
 2B 1055.062475           1.700E-01                                       0 0 0 11       1 0 0 02                    R 64e                                      
 2B 1055.732427           1.700E-01                                       0 0 0 11       1 0 0 02                    R 66e                                      
 2B 1056.380137           1.700E-01                                       0 0 0 11       1 0 0 02                    R 68e                                      
 2B 1057.005660           1.700E-01                                       0 0 0 11       1 0 0 02                    R 70e                                      
 2B 1057.609029           1.700E-01                                       0 0 0 11       1 0 0 02                    R 72e                                      
 2B 1058.190250           1.700E-01                                       0 0 0 11       1 0 0 02                    R 74e                                      
 2B 1058.749298           1.700E-01                                       0 0 0 11       1 0 0 02                    R 76e                                      
 2B 1059.286109           1.700E-01                                       0 0 0 11       1 0 0 02                    R 78e                                      
 2B 1059.800580           1.700E-01                                       0 0 0 11       1 0 0 02                    R 80e                                      
 2B 1060.292562           1.700E-01                                       0 0 0 11       1 0 0 02                    R 82e                                      
 2B 1060.761851           1.700E-01                                       0 0 0 11       1 0 0 02                    R 84e                                      
 2B 1061.208185           1.700E-01                                       0 0 0 11       1 0 0 02                    R 86e                                      
 2B 1061.631238           1.700E-01                                       0 0 0 11       1 0 0 02                    R 88e                                      
 2B 1062.030607           1.700E-01                                       0 0 0 11       1 0 0 02                    R 90e                                      
 2B 1062.405811           1.700E-01                                       0 0 0 11       1 0 0 02                    R 92e                                      
 2B 1062.756278           1.700E-01                                       0 0 0 11       1 0 0 02                    R 94e                                      
 2B 1063.081338           1.700E-01                                       0 0 0 11       1 0 0 02                    R 96e                                      
 2B 1063.380213           1.700E-01                                       0 0 0 11       1 0 0 02                    R 98e                                      
