 27 1077.808394           7.000E-01                                       0 0 0 21       1 0 0 12                    P  1e                                      
 27 1079.856583           7.000E-01                                       0 0 0 21       1 0 0 12                    R  1e                                      
 27 1076.418014           7.000E-01                                       0 0 0 21       1 0 0 12                    P  3e                                      
 27 1081.197093           7.000E-01                                       0 0 0 21       1 0 0 12                    R  3e                                      
 27 1075.007729           7.000E-01                                       0 0 0 21       1 0 0 12                    P  5e                                      
 27 1082.517627           7.000E-01                                       0 0 0 21       1 0 0 12                    R  5e                                      
 27 1073.577569           7.000E-01                                       0 0 0 21       1 0 0 12                    P  7e                                      
 27 1083.818175           7.000E-01                                       0 0 0 21       1 0 0 12                    R  7e                                      
 27 1072.127572           7.000E-01                                       0 0 0 21       1 0 0 12                    P  9e                                      
 27 1085.098735           7.000E-01                                       0 0 0 21       1 0 0 12                    R  9e                                      
 27 1070.657779           7.000E-01                                       0 0 0 21       1 0 0 12                    P 11e                                      
 27 1086.359309           7.000E-01                                       0 0 0 21       1 0 0 12                    R 11e                                      
 27 1069.168239           7.000E-01                                       0 0 0 21       1 0 0 12                    P 13e                                      
 27 1087.599904           7.000E-01                                       0 0 0 21       1 0 0 12                    R 13e                                      
 27 1067.659003           7.000E-01                                       0 0 0 21       1 0 0 12                    P 15e                                      
 27 1088.820530           7.000E-01                                       0 0 0 21       1 0 0 12                    R 15e                                      
 27 1066.130128           7.000E-01                                       0 0 0 21       1 0 0 12                    P 17e                                      
 27 1090.021206           7.000E-01                                       0 0 0 21       1 0 0 12                    R 17e                                      
 27 1064.581676           7.000E-01                                       0 0 0 21       1 0 0 12                    P 19e                                      
 27 1091.201954           7.000E-01                                       0 0 0 21       1 0 0 12                    R 19e                                      
 27 1063.013715           7.000E-01                                       0 0 0 21       1 0 0 12                    P 21e                                      
 27 1092.362799           7.000E-01                                       0 0 0 21       1 0 0 12                    R 21e                                      
 27 1061.426316           7.000E-01                                       0 0 0 21       1 0 0 12                    P 23e                                      
 27 1093.503773           7.000E-01                                       0 0 0 21       1 0 0 12                    R 23e                                      
 27 1059.819555           7.000E-01                                       0 0 0 21       1 0 0 12                    P 25e                                      
 27 1094.624913           7.000E-01                                       0 0 0 21       1 0 0 12                    R 25e                                      
 27 1058.193515           7.000E-01                                       0 0 0 21       1 0 0 12                    P 27e                                      
 27 1095.726259           7.000E-01                                       0 0 0 21       1 0 0 12                    R 27e                                      
 27 1056.548279           7.000E-01                                       0 0 0 21       1 0 0 12                    P 29e                                      
 27 1096.807856           7.000E-01                                       0 0 0 21       1 0 0 12                    R 29e                                      
 27 1054.883939           7.000E-01                                       0 0 0 21       1 0 0 12                    P 31e                                      
 27 1097.869755           7.000E-01                                       0 0 0 21       1 0 0 12                    R 31e                                      
 27 1053.200588           7.000E-01                                       0 0 0 21       1 0 0 12                    P 33e                                      
 27 1098.912010           7.000E-01                                       0 0 0 21       1 0 0 12                    R 33e                                      
 27 1051.498325           7.000E-01                                       0 0 0 21       1 0 0 12                    P 35e                                      
 27 1099.934678           7.000E-01                                       0 0 0 21       1 0 0 12                    R 35e                                      
 27 1049.777253           7.000E-01                                       0 0 0 21       1 0 0 12                    P 37e                                      
 27 1100.937822           7.000E-01                                       0 0 0 21       1 0 0 12                    R 37e                                      
 27 1048.037479           7.000E-01                                       0 0 0 21       1 0 0 12                    P 39e                                      
 27 1101.921509           7.000E-01                                       0 0 0 21       1 0 0 12                    R 39e                                      
 27 1046.279112           7.000E-01                                       0 0 0 21       1 0 0 12                    P 41e                                      
 27 1102.885809           7.000E-01                                       0 0 0 21       1 0 0 12                    R 41e                                      
 27 1044.502268           7.000E-01                                       0 0 0 21       1 0 0 12                    P 43e                                      
 27 1103.830796           7.000E-01                                       0 0 0 21       1 0 0 12                    R 43e                                      
 27 1042.707064           7.000E-01                                       0 0 0 21       1 0 0 12                    P 45e                                      
 27 1104.756547           7.000E-01                                       0 0 0 21       1 0 0 12                    R 45e                                      
 27 1040.893621           7.000E-01                                       0 0 0 21       1 0 0 12                    P 47e                                      
 27 1105.663145           7.000E-01                                       0 0 0 21       1 0 0 12                    R 47e                                      
 27 1039.062064           7.000E-01                                       0 0 0 21       1 0 0 12                    P 49e                                      
 27 1106.550673           7.000E-01                                       0 0 0 21       1 0 0 12                    R 49e                                      
 27 1037.212522           7.000E-01                                       0 0 0 21       1 0 0 12                    P 51e                                      
 27 1107.419221           7.000E-01                                       0 0 0 21       1 0 0 12                    R 51e                                      
 27 1035.345126           7.000E-01                                       0 0 0 21       1 0 0 12                    P 53e                                      
 27 1108.268879           7.000E-01                                       0 0 0 21       1 0 0 12                    R 53e                                      
 27 1033.460009           7.000E-01                                       0 0 0 21       1 0 0 12                    P 55e                                      
 27 1109.099742           7.000E-01                                       0 0 0 21       1 0 0 12                    R 55e                                      
 27 1031.557311           7.000E-01                                       0 0 0 21       1 0 0 12                    P 57e                                      
 27 1109.911907           7.000E-01                                       0 0 0 21       1 0 0 12                    R 57e                                      
 27 1029.637170           7.000E-01                                       0 0 0 21       1 0 0 12                    P 59e                                      
 27 1110.705476           7.000E-01                                       0 0 0 21       1 0 0 12                    R 59e                                      
 27 1027.699731           7.000E-01                                       0 0 0 21       1 0 0 12                    P 61e                                      
 27 1111.480552           7.000E-01                                       0 0 0 21       1 0 0 12                    R 61e                                      
 27 1025.745138           7.000E-01                                       0 0 0 21       1 0 0 12                    P 63e                                      
 27 1112.237241           7.000E-01                                       0 0 0 21       1 0 0 12                    R 63e                                      
 27 1023.773541           7.000E-01                                       0 0 0 21       1 0 0 12                    P 65e                                      
 27 1112.975654           7.000E-01                                       0 0 0 21       1 0 0 12                    R 65e                                      
 27 1021.785091           7.000E-01                                       0 0 0 21       1 0 0 12                    P 67e                                      
 27 1113.695901           7.000E-01                                       0 0 0 21       1 0 0 12                    R 67e                                      
 27 1019.779942           7.000E-01                                       0 0 0 21       1 0 0 12                    P 69e                                      
 27 1114.398098           7.000E-01                                       0 0 0 21       1 0 0 12                    R 69e                                      
 27 1017.758251           7.000E-01                                       0 0 0 21       1 0 0 12                    P 71e                                      
 27 1115.082363           7.000E-01                                       0 0 0 21       1 0 0 12                    R 71e                                      
 27 1015.720176           7.000E-01                                       0 0 0 21       1 0 0 12                    P 73e                                      
 27 1115.748817           7.000E-01                                       0 0 0 21       1 0 0 12                    R 73e                                      
 27 1013.665880           7.000E-01                                       0 0 0 21       1 0 0 12                    P 75e                                      
 27 1116.397582           7.000E-01                                       0 0 0 21       1 0 0 12                    R 75e                                      
 27 1011.595527           7.000E-01                                       0 0 0 21       1 0 0 12                    P 77e                                      
 27 1117.028785           7.000E-01                                       0 0 0 21       1 0 0 12                    R 77e                                      
 27 1009.509284           7.000E-01                                       0 0 0 21       1 0 0 12                    P 79e                                      
 27 1117.642557           7.000E-01                                       0 0 0 21       1 0 0 12                    R 79e                                      
 27 1007.407322           7.000E-01                                       0 0 0 21       1 0 0 12                    P 81e                                      
 27 1118.239028           7.000E-01                                       0 0 0 21       1 0 0 12                    R 81e                                      
 27 1005.289814           7.000E-01                                       0 0 0 21       1 0 0 12                    P 83e                                      
 27 1118.818336           7.000E-01                                       0 0 0 21       1 0 0 12                    R 83e                                      
 27 1003.156935           7.000E-01                                       0 0 0 21       1 0 0 12                    P 85e                                      
 27 1119.380619           7.000E-01                                       0 0 0 21       1 0 0 12                    R 85e                                      
 27 1001.008866           7.000E-01                                       0 0 0 21       1 0 0 12                    P 87e                                      
 27 1119.926020           7.000E-01                                       0 0 0 21       1 0 0 12                    R 87e                                      
 27  998.845789           7.000E-01                                       0 0 0 21       1 0 0 12                    P 89e                                      
 27 1120.454686           7.000E-01                                       0 0 0 21       1 0 0 12                    R 89e                                      
 27  996.667891           7.000E-01                                       0 0 0 21       1 0 0 12                    P 91e                                      
 27 1120.966769           7.000E-01                                       0 0 0 21       1 0 0 12                    R 91e                                      
 27  994.475363           7.000E-01                                       0 0 0 21       1 0 0 12                    P 93e                                      
 27 1121.462423           7.000E-01                                       0 0 0 21       1 0 0 12                    R 93e                                      
 27  992.268399           7.000E-01                                       0 0 0 21       1 0 0 12                    P 95e                                      
 27 1121.941808           7.000E-01                                       0 0 0 21       1 0 0 12                    R 95e                                      
 27  990.047200           7.000E-01                                       0 0 0 21       1 0 0 12                    P 97e                                      
 27 1122.405090           7.000E-01                                       0 0 0 21       1 0 0 12                    R 97e                                      
 27  987.811970           7.000E-01                                       0 0 0 21       1 0 0 12                    P 99e                                      
 27 1122.852440           7.000E-01                                       0 0 0 21       1 0 0 12                    R 99e                                      
