 2A  925.788350           1.600E-01                                       0 0 0 11       1 0 0 01                    P  1e                                      
 2A  925.068945           1.600E-01                                       0 0 0 11       1 0 0 01                    P  2e                                      
 2A  924.344081           1.600E-01                                       0 0 0 11       1 0 0 01                    P  3e                                      
 2A  923.613758           1.600E-01                                       0 0 0 11       1 0 0 01                    P  4e                                      
 2A  922.877978           1.600E-01                                       0 0 0 11       1 0 0 01                    P  5e                                      
 2A  922.136743           1.600E-01                                       0 0 0 11       1 0 0 01                    P  6e                                      
 2A  921.390052           1.600E-01                                       0 0 0 11       1 0 0 01                    P  7e                                      
 2A  920.637906           1.600E-01                                       0 0 0 11       1 0 0 01                    P  8e                                      
 2A  919.880304           1.600E-01                                       0 0 0 11       1 0 0 01                    P  9e                                      
 2A  919.117245           1.600E-01                                       0 0 0 11       1 0 0 01                    P 10e                                      
 2A  918.348730           1.600E-01                                       0 0 0 11       1 0 0 01                    P 11e                                      
 2A  917.574756           1.600E-01                                       0 0 0 11       1 0 0 01                    P 12e                                      
 2A  916.795322           1.600E-01                                       0 0 0 11       1 0 0 01                    P 13e                                      
 2A  916.010425           1.600E-01                                       0 0 0 11       1 0 0 01                    P 14e                                      
 2A  915.220064           1.600E-01                                       0 0 0 11       1 0 0 01                    P 15e                                      
 2A  914.424235           1.600E-01                                       0 0 0 11       1 0 0 01                    P 16e                                      
 2A  913.622935           1.600E-01                                       0 0 0 11       1 0 0 01                    P 17e                                      
 2A  912.816161           1.600E-01                                       0 0 0 11       1 0 0 01                    P 18e                                      
 2A  912.003908           1.600E-01                                       0 0 0 11       1 0 0 01                    P 19e                                      
 2A  911.186173           1.600E-01                                       0 0 0 11       1 0 0 01                    P 20e                                      
 2A  910.362950           1.600E-01                                       0 0 0 11       1 0 0 01                    P 21e                                      
 2A  909.534235           1.600E-01                                       0 0 0 11       1 0 0 01                    P 22e                                      
 2A  908.700022           1.600E-01                                       0 0 0 11       1 0 0 01                    P 23e                                      
 2A  907.860305           1.600E-01                                       0 0 0 11       1 0 0 01                    P 24e                                      
 2A  907.015079           1.600E-01                                       0 0 0 11       1 0 0 01                    P 25e                                      
 2A  906.164335           1.600E-01                                       0 0 0 11       1 0 0 01                    P 26e                                      
 2A  905.308068           1.600E-01                                       0 0 0 11       1 0 0 01                    P 27e                                      
 2A  904.446270           1.600E-01                                       0 0 0 11       1 0 0 01                    P 28e                                      
 2A  903.578933           1.600E-01                                       0 0 0 11       1 0 0 01                    P 29e                                      
 2A  902.706049           1.600E-01                                       0 0 0 11       1 0 0 01                    P 30e                                      
 2A  901.827609           1.600E-01                                       0 0 0 11       1 0 0 01                    P 31e                                      
 2A  900.943605           1.600E-01                                       0 0 0 11       1 0 0 01                    P 32e                                      
 2A  900.054027           1.600E-01                                       0 0 0 11       1 0 0 01                    P 33e                                      
 2A  899.158865           1.600E-01                                       0 0 0 11       1 0 0 01                    P 34e                                      
 2A  898.258109           1.600E-01                                       0 0 0 11       1 0 0 01                    P 35e                                      
 2A  897.351749           1.600E-01                                       0 0 0 11       1 0 0 01                    P 36e                                      
 2A  896.439772           1.600E-01                                       0 0 0 11       1 0 0 01                    P 37e                                      
 2A  895.522169           1.600E-01                                       0 0 0 11       1 0 0 01                    P 38e                                      
 2A  894.598927           1.600E-01                                       0 0 0 11       1 0 0 01                    P 39e                                      
 2A  893.670033           1.600E-01                                       0 0 0 11       1 0 0 01                    P 40e                                      
 2A  892.735475           1.600E-01                                       0 0 0 11       1 0 0 01                    P 41e                                      
 2A  891.795240           1.600E-01                                       0 0 0 11       1 0 0 01                    P 42e                                      
 2A  890.849314           1.600E-01                                       0 0 0 11       1 0 0 01                    P 43e                                      
 2A  889.897682           1.600E-01                                       0 0 0 11       1 0 0 01                    P 44e                                      
 2A  888.940332           1.600E-01                                       0 0 0 11       1 0 0 01                    P 45e                                      
 2A  887.977247           1.600E-01                                       0 0 0 11       1 0 0 01                    P 46e                                      
 2A  887.008412           1.600E-01                                       0 0 0 11       1 0 0 01                    P 47e                                      
 2A  886.033811           1.600E-01                                       0 0 0 11       1 0 0 01                    P 48e                                      
 2A  885.053428           1.600E-01                                       0 0 0 11       1 0 0 01                    P 49e                                      
 2A  884.067246           1.600E-01                                       0 0 0 11       1 0 0 01                    P 50e                                      
 2A  883.075248           1.600E-01                                       0 0 0 11       1 0 0 01                    P 51e                                      
 2A  882.077415           1.600E-01                                       0 0 0 11       1 0 0 01                    P 52e                                      
 2A  881.073730           1.600E-01                                       0 0 0 11       1 0 0 01                    P 53e                                      
 2A  880.064174           1.600E-01                                       0 0 0 11       1 0 0 01                    P 54e                                      
 2A  879.048727           1.600E-01                                       0 0 0 11       1 0 0 01                    P 55e                                      
 2A  878.027370           1.600E-01                                       0 0 0 11       1 0 0 01                    P 56e                                      
 2A  877.000082           1.600E-01                                       0 0 0 11       1 0 0 01                    P 57e                                      
 2A  875.966843           1.600E-01                                       0 0 0 11       1 0 0 01                    P 58e                                      
 2A  874.927631           1.600E-01                                       0 0 0 11       1 0 0 01                    P 59e                                      
 2A  873.882423           1.600E-01                                       0 0 0 11       1 0 0 01                    P 60e                                      
 2A  872.831199           1.600E-01                                       0 0 0 11       1 0 0 01                    P 61e                                      
 2A  871.773934           1.600E-01                                       0 0 0 11       1 0 0 01                    P 62e                                      
 2A  870.710604           1.600E-01                                       0 0 0 11       1 0 0 01                    P 63e                                      
 2A  869.641187           1.600E-01                                       0 0 0 11       1 0 0 01                    P 64e                                      
 2A  868.565656           1.600E-01                                       0 0 0 11       1 0 0 01                    P 65e                                      
 2A  867.483988           1.600E-01                                       0 0 0 11       1 0 0 01                    P 66e                                      
 2A  866.396154           1.600E-01                                       0 0 0 11       1 0 0 01                    P 67e                                      
 2A  865.302130           1.600E-01                                       0 0 0 11       1 0 0 01                    P 68e                                      
 2A  864.201888           1.600E-01                                       0 0 0 11       1 0 0 01                    P 69e                                      
 2A  863.095400           1.600E-01                                       0 0 0 11       1 0 0 01                    P 70e                                      
 2A  861.982637           1.600E-01                                       0 0 0 11       1 0 0 01                    P 71e                                      
 2A  860.863571           1.600E-01                                       0 0 0 11       1 0 0 01                    P 72e                                      
 2A  859.738172           1.600E-01                                       0 0 0 11       1 0 0 01                    P 73e                                      
 2A  858.606408           1.600E-01                                       0 0 0 11       1 0 0 01                    P 74e                                      
 2A  857.468250           1.600E-01                                       0 0 0 11       1 0 0 01                    P 75e                                      
 2A  856.323664           1.600E-01                                       0 0 0 11       1 0 0 01                    P 76e                                      
 2A  855.172620           1.600E-01                                       0 0 0 11       1 0 0 01                    P 77e                                      
 2A  854.015082           1.600E-01                                       0 0 0 11       1 0 0 01                    P 78e                                      
 2A  852.851017           1.600E-01                                       0 0 0 11       1 0 0 01                    P 79e                                      
 2A  851.680391           1.600E-01                                       0 0 0 11       1 0 0 01                    P 80e                                      
 2A  850.503168           1.600E-01                                       0 0 0 11       1 0 0 01                    P 81e                                      
 2A  849.319311           1.600E-01                                       0 0 0 11       1 0 0 01                    P 82e                                      
 2A  848.128783           1.600E-01                                       0 0 0 11       1 0 0 01                    P 83e                                      
 2A  846.931546           1.600E-01                                       0 0 0 11       1 0 0 01                    P 84e                                      
 2A  845.727562           1.600E-01                                       0 0 0 11       1 0 0 01                    P 85e                                      
 2A  844.516790           1.600E-01                                       0 0 0 11       1 0 0 01                    P 86e                                      
 2A  843.299191           1.600E-01                                       0 0 0 11       1 0 0 01                    P 87e                                      
 2A  842.074722           1.600E-01                                       0 0 0 11       1 0 0 01                    P 88e                                      
 2A  840.843342           1.600E-01                                       0 0 0 11       1 0 0 01                    P 89e                                      
 2A  839.605007           1.600E-01                                       0 0 0 11       1 0 0 01                    P 90e                                      
 2A  838.359673           1.600E-01                                       0 0 0 11       1 0 0 01                    P 91e                                      
 2A  837.107294           1.600E-01                                       0 0 0 11       1 0 0 01                    P 92e                                      
 2A  835.847826           1.600E-01                                       0 0 0 11       1 0 0 01                    P 93e                                      
 2A  834.581219           1.600E-01                                       0 0 0 11       1 0 0 01                    P 94e                                      
 2A  833.307428           1.600E-01                                       0 0 0 11       1 0 0 01                    P 95e                                      
 2A  832.026402           1.600E-01                                       0 0 0 11       1 0 0 01                    P 96e                                      
 2A  830.738090           1.600E-01                                       0 0 0 11       1 0 0 01                    P 97e                                      
 2A  829.442443           1.600E-01                                       0 0 0 11       1 0 0 01                    P 98e                                      
 2A  828.139407           1.600E-01                                       0 0 0 11       1 0 0 01                    P 99e                                      
 2A  927.210773           1.600E-01                                       0 0 0 11       1 0 0 01                    R  0e                                      
 2A  927.913787           1.600E-01                                       0 0 0 11       1 0 0 01                    R  1e                                      
 2A  928.611330           1.600E-01                                       0 0 0 11       1 0 0 01                    R  2e                                      
 2A  929.303401           1.600E-01                                       0 0 0 11       1 0 0 01                    R  3e                                      
 2A  929.989995           1.600E-01                                       0 0 0 11       1 0 0 01                    R  4e                                      
 2A  930.671108           1.600E-01                                       0 0 0 11       1 0 0 01                    R  5e                                      
 2A  931.346736           1.600E-01                                       0 0 0 11       1 0 0 01                    R  6e                                      
 2A  932.016874           1.600E-01                                       0 0 0 11       1 0 0 01                    R  7e                                      
 2A  932.681517           1.600E-01                                       0 0 0 11       1 0 0 01                    R  8e                                      
 2A  933.340658           1.600E-01                                       0 0 0 11       1 0 0 01                    R  9e                                      
 2A  933.994293           1.600E-01                                       0 0 0 11       1 0 0 01                    R 10e                                      
 2A  934.642415           1.600E-01                                       0 0 0 11       1 0 0 01                    R 11e                                      
 2A  935.285016           1.600E-01                                       0 0 0 11       1 0 0 01                    R 12e                                      
 2A  935.922091           1.600E-01                                       0 0 0 11       1 0 0 01                    R 13e                                      
 2A  936.553632           1.600E-01                                       0 0 0 11       1 0 0 01                    R 14e                                      
 2A  937.179630           1.600E-01                                       0 0 0 11       1 0 0 01                    R 15e                                      
 2A  937.800078           1.600E-01                                       0 0 0 11       1 0 0 01                    R 16e                                      
 2A  938.414968           1.600E-01                                       0 0 0 11       1 0 0 01                    R 17e                                      
 2A  939.024290           1.600E-01                                       0 0 0 11       1 0 0 01                    R 18e                                      
 2A  939.628035           1.600E-01                                       0 0 0 11       1 0 0 01                    R 19e                                      
 2A  940.226193           1.600E-01                                       0 0 0 11       1 0 0 01                    R 20e                                      
 2A  940.818754           1.600E-01                                       0 0 0 11       1 0 0 01                    R 21e                                      
 2A  941.405709           1.600E-01                                       0 0 0 11       1 0 0 01                    R 22e                                      
 2A  941.987046           1.600E-01                                       0 0 0 11       1 0 0 01                    R 23e                                      
 2A  942.562754           1.600E-01                                       0 0 0 11       1 0 0 01                    R 24e                                      
 2A  943.132821           1.600E-01                                       0 0 0 11       1 0 0 01                    R 25e                                      
 2A  943.697236           1.600E-01                                       0 0 0 11       1 0 0 01                    R 26e                                      
 2A  944.255986           1.600E-01                                       0 0 0 11       1 0 0 01                    R 27e                                      
 2A  944.809058           1.600E-01                                       0 0 0 11       1 0 0 01                    R 28e                                      
 2A  945.356440           1.600E-01                                       0 0 0 11       1 0 0 01                    R 29e                                      
 2A  945.898117           1.600E-01                                       0 0 0 11       1 0 0 01                    R 30e                                      
 2A  946.434076           1.600E-01                                       0 0 0 11       1 0 0 01                    R 31e                                      
 2A  946.964303           1.600E-01                                       0 0 0 11       1 0 0 01                    R 32e                                      
 2A  947.488783           1.600E-01                                       0 0 0 11       1 0 0 01                    R 33e                                      
 2A  948.007501           1.600E-01                                       0 0 0 11       1 0 0 01                    R 34e                                      
 2A  948.520440           1.600E-01                                       0 0 0 11       1 0 0 01                    R 35e                                      
 2A  949.027586           1.600E-01                                       0 0 0 11       1 0 0 01                    R 36e                                      
 2A  949.528922           1.600E-01                                       0 0 0 11       1 0 0 01                    R 37e                                      
 2A  950.024431           1.600E-01                                       0 0 0 11       1 0 0 01                    R 38e                                      
 2A  950.514096           1.600E-01                                       0 0 0 11       1 0 0 01                    R 39e                                      
 2A  950.997899           1.600E-01                                       0 0 0 11       1 0 0 01                    R 40e                                      
 2A  951.475822           1.600E-01                                       0 0 0 11       1 0 0 01                    R 41e                                      
 2A  951.947847           1.600E-01                                       0 0 0 11       1 0 0 01                    R 42e                                      
 2A  952.413954           1.600E-01                                       0 0 0 11       1 0 0 01                    R 43e                                      
 2A  952.874125           1.600E-01                                       0 0 0 11       1 0 0 01                    R 44e                                      
 2A  953.328339           1.600E-01                                       0 0 0 11       1 0 0 01                    R 45e                                      
 2A  953.776577           1.600E-01                                       0 0 0 11       1 0 0 01                    R 46e                                      
 2A  954.218816           1.600E-01                                       0 0 0 11       1 0 0 01                    R 47e                                      
 2A  954.655038           1.600E-01                                       0 0 0 11       1 0 0 01                    R 48e                                      
 2A  955.085218           1.600E-01                                       0 0 0 11       1 0 0 01                    R 49e                                      
 2A  955.509336           1.600E-01                                       0 0 0 11       1 0 0 01                    R 50e                                      
 2A  955.927369           1.600E-01                                       0 0 0 11       1 0 0 01                    R 51e                                      
 2A  956.339293           1.600E-01                                       0 0 0 11       1 0 0 01                    R 52e                                      
 2A  956.745085           1.600E-01                                       0 0 0 11       1 0 0 01                    R 53e                                      
 2A  957.144722           1.600E-01                                       0 0 0 11       1 0 0 01                    R 54e                                      
 2A  957.538177           1.600E-01                                       0 0 0 11       1 0 0 01                    R 55e                                      
 2A  957.925427           1.600E-01                                       0 0 0 11       1 0 0 01                    R 56e                                      
 2A  958.306445           1.600E-01                                       0 0 0 11       1 0 0 01                    R 57e                                      
 2A  958.681205           1.600E-01                                       0 0 0 11       1 0 0 01                    R 58e                                      
 2A  959.049681           1.600E-01                                       0 0 0 11       1 0 0 01                    R 59e                                      
 2A  959.411845           1.600E-01                                       0 0 0 11       1 0 0 01                    R 60e                                      
 2A  959.767670           1.600E-01                                       0 0 0 11       1 0 0 01                    R 61e                                      
 2A  960.117127           1.600E-01                                       0 0 0 11       1 0 0 01                    R 62e                                      
 2A  960.460188           1.600E-01                                       0 0 0 11       1 0 0 01                    R 63e                                      
 2A  960.796822           1.600E-01                                       0 0 0 11       1 0 0 01                    R 64e                                      
 2A  961.127000           1.600E-01                                       0 0 0 11       1 0 0 01                    R 65e                                      
 2A  961.450691           1.600E-01                                       0 0 0 11       1 0 0 01                    R 66e                                      
 2A  961.767863           1.600E-01                                       0 0 0 11       1 0 0 01                    R 67e                                      
 2A  962.078486           1.600E-01                                       0 0 0 11       1 0 0 01                    R 68e                                      
 2A  962.382526           1.600E-01                                       0 0 0 11       1 0 0 01                    R 69e                                      
 2A  962.679950           1.600E-01                                       0 0 0 11       1 0 0 01                    R 70e                                      
 2A  962.970725           1.600E-01                                       0 0 0 11       1 0 0 01                    R 71e                                      
 2A  963.254816           1.600E-01                                       0 0 0 11       1 0 0 01                    R 72e                                      
 2A  963.532188           1.600E-01                                       0 0 0 11       1 0 0 01                    R 73e                                      
 2A  963.802805           1.600E-01                                       0 0 0 11       1 0 0 01                    R 74e                                      
 2A  964.066631           1.600E-01                                       0 0 0 11       1 0 0 01                    R 75e                                      
 2A  964.323628           1.600E-01                                       0 0 0 11       1 0 0 01                    R 76e                                      
 2A  964.573759           1.600E-01                                       0 0 0 11       1 0 0 01                    R 77e                                      
 2A  964.816985           1.600E-01                                       0 0 0 11       1 0 0 01                    R 78e                                      
 2A  965.053267           1.600E-01                                       0 0 0 11       1 0 0 01                    R 79e                                      
 2A  965.282565           1.600E-01                                       0 0 0 11       1 0 0 01                    R 80e                                      
 2A  965.504837           1.600E-01                                       0 0 0 11       1 0 0 01                    R 81e                                      
 2A  965.720043           1.600E-01                                       0 0 0 11       1 0 0 01                    R 82e                                      
 2A  965.928139           1.600E-01                                       0 0 0 11       1 0 0 01                    R 83e                                      
 2A  966.129083           1.600E-01                                       0 0 0 11       1 0 0 01                    R 84e                                      
 2A  966.322830           1.600E-01                                       0 0 0 11       1 0 0 01                    R 85e                                      
 2A  966.509335           1.600E-01                                       0 0 0 11       1 0 0 01                    R 86e                                      
 2A  966.688553           1.600E-01                                       0 0 0 11       1 0 0 01                    R 87e                                      
 2A  966.860437           1.600E-01                                       0 0 0 11       1 0 0 01                    R 88e                                      
 2A  967.024939           1.600E-01                                       0 0 0 11       1 0 0 01                    R 89e                                      
 2A  967.182011           1.600E-01                                       0 0 0 11       1 0 0 01                    R 90e                                      
 2A  967.331603           1.600E-01                                       0 0 0 11       1 0 0 01                    R 91e                                      
 2A  967.473665           1.600E-01                                       0 0 0 11       1 0 0 01                    R 92e                                      
 2A  967.608146           1.600E-01                                       0 0 0 11       1 0 0 01                    R 93e                                      
 2A  967.734993           1.600E-01                                       0 0 0 11       1 0 0 01                    R 94e                                      
 2A  967.854153           1.600E-01                                       0 0 0 11       1 0 0 01                    R 95e                                      
 2A  967.965571           1.600E-01                                       0 0 0 11       1 0 0 01                    R 96e                                      
 2A  968.069192           1.600E-01                                       0 0 0 11       1 0 0 01                    R 97e                                      
 2A  968.164959           1.600E-01                                       0 0 0 11       1 0 0 01                    R 98e                                      
 2A  968.252815           1.600E-01                                       0 0 0 11       1 0 0 01                    R 99e                                      
