 27  933.199156           1.180E-01                                       0 1 1 11       1 1 1 01                    P  2f                                      
 27  931.773150           1.180E-01                                       0 1 1 11       1 1 1 01                    P  4f                                      

# lines exist in HITRAN

 27  907.231467           1.180E-01                                       0 1 1 11       1 1 1 01                    P 34f                                      
 27  905.384518           1.180E-01                                       0 1 1 11       1 1 1 01                    P 36f                                      
 27  903.511028           1.180E-01                                       0 1 1 11       1 1 1 01                    P 38f                                      
 27  901.610948           1.180E-01                                       0 1 1 11       1 1 1 01                    P 40f                                      
 27  899.684224           1.180E-01                                       0 1 1 11       1 1 1 01                    P 42f                                      
 27  897.730802           1.180E-01                                       0 1 1 11       1 1 1 01                    P 44f                                      
 27  895.750621           1.180E-01                                       0 1 1 11       1 1 1 01                    P 46f                                      
 27  893.743617           1.180E-01                                       0 1 1 11       1 1 1 01                    P 48f                                      
 27  891.709723           1.180E-01                                       0 1 1 11       1 1 1 01                    P 50f                                      
 27  889.648870           1.180E-01                                       0 1 1 11       1 1 1 01                    P 52f                                      
 27  887.560984           1.180E-01                                       0 1 1 11       1 1 1 01                    P 54f                                      
 27  885.445988           1.180E-01                                       0 1 1 11       1 1 1 01                    P 56f                                      
 27  883.303802           1.180E-01                                       0 1 1 11       1 1 1 01                    P 58f                                      
 27  881.134343           1.180E-01                                       0 1 1 11       1 1 1 01                    P 60f                                      
 27  878.937525           1.180E-01                                       0 1 1 11       1 1 1 01                    P 62f                                      
 27  876.713259           1.180E-01                                       0 1 1 11       1 1 1 01                    P 64f                                      
 27  874.461452           1.180E-01                                       0 1 1 11       1 1 1 01                    P 66f                                      
 27  872.182010           1.180E-01                                       0 1 1 11       1 1 1 01                    P 68f                                      
 27  869.874836           1.180E-01                                       0 1 1 11       1 1 1 01                    P 70f                                      
 27  867.539828           1.180E-01                                       0 1 1 11       1 1 1 01                    P 72f                                      
 27  865.176885           1.180E-01                                       0 1 1 11       1 1 1 01                    P 74f                                      
 27  862.785901           1.180E-01                                       0 1 1 11       1 1 1 01                    P 76f                                      
 27  860.366769           1.180E-01                                       0 1 1 11       1 1 1 01                    P 78f                                      
 27  857.919381           1.180E-01                                       0 1 1 11       1 1 1 01                    P 80f                                      
 27  855.443625           1.180E-01                                       0 1 1 11       1 1 1 01                    P 82f                                      
 27  852.939388           1.180E-01                                       0 1 1 11       1 1 1 01                    P 84f                                      
 27  850.406556           1.180E-01                                       0 1 1 11       1 1 1 01                    P 86f                                      
 27  847.845014           1.180E-01                                       0 1 1 11       1 1 1 01                    P 88f                                      
 27  845.254644           1.180E-01                                       0 1 1 11       1 1 1 01                    P 90f                                      
 27  842.635330           1.180E-01                                       0 1 1 11       1 1 1 01                    P 92f                                      
 27  839.986952           1.180E-01                                       0 1 1 11       1 1 1 01                    P 94f                                      
 27  837.309393           1.180E-01                                       0 1 1 11       1 1 1 01                    P 96f                                      
 27  834.602533           1.180E-01                                       0 1 1 11       1 1 1 01                    P 98f                                      
 27  831.866254           1.180E-01                                       0 1 1 11       1 1 1 01                    P 100f                                     
 27  936.649212           1.180E-01                                       0 1 1 11       1 1 1 01                    R  2f                                      

# lines exist in HITRAN

 27  954.807220           1.180E-01                                       0 1 1 11       1 1 1 01                    R 34f                                      
 27  955.713843           1.180E-01                                       0 1 1 11       1 1 1 01                    R 36f                                      
 27  956.593174           1.180E-01                                       0 1 1 11       1 1 1 01                    R 38f                                      
 27  957.445123           1.180E-01                                       0 1 1 11       1 1 1 01                    R 40f                                      
 27  958.269596           1.180E-01                                       0 1 1 11       1 1 1 01                    R 42f                                      
 27  959.066495           1.180E-01                                       0 1 1 11       1 1 1 01                    R 44f                                      
 27  959.835719           1.180E-01                                       0 1 1 11       1 1 1 01                    R 46f                                      
 27  960.577165           1.180E-01                                       0 1 1 11       1 1 1 01                    R 48f                                      
 27  961.290723           1.180E-01                                       0 1 1 11       1 1 1 01                    R 50f                                      
 27  961.976284           1.180E-01                                       0 1 1 11       1 1 1 01                    R 52f                                      
 27  962.633731           1.180E-01                                       0 1 1 11       1 1 1 01                    R 54f                                      
 27  963.262948           1.180E-01                                       0 1 1 11       1 1 1 01                    R 56f                                      
 27  963.863814           1.180E-01                                       0 1 1 11       1 1 1 01                    R 58f                                      
 27  964.436205           1.180E-01                                       0 1 1 11       1 1 1 01                    R 60f                                      
 27  964.979993           1.180E-01                                       0 1 1 11       1 1 1 01                    R 62f                                      
 27  965.495049           1.180E-01                                       0 1 1 11       1 1 1 01                    R 64f                                      
 27  965.981240           1.180E-01                                       0 1 1 11       1 1 1 01                    R 66f                                      
 27  966.438431           1.180E-01                                       0 1 1 11       1 1 1 01                    R 68f                                      
 27  966.866483           1.180E-01                                       0 1 1 11       1 1 1 01                    R 70f                                      
 27  967.265257           1.180E-01                                       0 1 1 11       1 1 1 01                    R 72f                                      
 27  967.634609           1.180E-01                                       0 1 1 11       1 1 1 01                    R 74f                                      
 27  967.974393           1.180E-01                                       0 1 1 11       1 1 1 01                    R 76f                                      
 27  968.284464           1.180E-01                                       0 1 1 11       1 1 1 01                    R 78f                                      
 27  968.564672           1.180E-01                                       0 1 1 11       1 1 1 01                    R 80f                                      
 27  968.814867           1.180E-01                                       0 1 1 11       1 1 1 01                    R 82f                                      
 27  969.034895           1.180E-01                                       0 1 1 11       1 1 1 01                    R 84f                                      
 27  969.224604           1.180E-01                                       0 1 1 11       1 1 1 01                    R 86f                                      
 27  969.383838           1.180E-01                                       0 1 1 11       1 1 1 01                    R 88f                                      
 27  969.512443           1.180E-01                                       0 1 1 11       1 1 1 01                    R 90f                                      
 27  969.610262           1.180E-01                                       0 1 1 11       1 1 1 01                    R 92f                                      
 27  969.677138           1.180E-01                                       0 1 1 11       1 1 1 01                    R 94f                                      
 27  969.712914           1.180E-01                                       0 1 1 11       1 1 1 01                    R 96f                                      
 27  969.717435           1.180E-01                                       0 1 1 11       1 1 1 01                    R 98f                                      
