2206.9790	175.4	99	100
2208.2830	176.3	98	99
2209.5810	176.5	97	98
2210.8740	176.9	96	97
2212.1610	177.1	95	96
2213.4430	177.4	94	95
2214.7190	177.7	93	94
2215.9890	178.0	92	93
2217.2540	178.2	91	92
2218.5130	178.5	90	91
2219.7670	178.7	89	90
2221.0150	179.0	88	89
2222.2580	179.2	87	88
2223.4950	179.5	86	87
2224.7260	179.7	85	86
2225.9520	180.0	84	85
2227.1720	180.2	83	84
2228.3860	180.5	82	83
2229.5950	180.7	81	82
2230.7980	180.9	80	81
2231.9960	181.2	79	80
2233.1880	181.4	78	79
2234.3740	181.7	77	78
2235.5550	181.9	76	77
2236.7300	182.2	75	76
2237.9000	182.4	74	75
2239.0640	182.7	73	74
2240.2220	182.9	72	73
2241.3740	183.1	71	72
2242.5210	183.3	70	71
2243.6630	183.6	69	70
2244.7980	183.8	68	69
2245.9280	184.1	67	68
2247.0520	184.3	66	67
2248.1710	184.5	65	66
2249.2840	184.8	64	65
2250.3910	185.0	63	64
2251.4930	185.2	62	63
2252.5880	185.4	61	62
2253.6790	185.7	60	61
2254.7630	185.9	59	60
2255.8420	186.1	58	59
2256.9150	186.4	57	58
2257.9820	186.5	56	57
2259.0440	186.9	55	56
2260.1000	187.0	54	55
2261.1500	187.2	53	54
2262.1950	187.5	52	53
2263.2340	187.8	51	52
2264.2670	188.0	50	51
2265.2940	188.2	49	50
2266.3160	188.4	48	49
2267.3310	188.7	47	48
2268.3420	188.9	46	47
2269.3460	189.1	45	46
2270.3450	189.4	44	45
2271.3380	189.6	43	44
2272.3250	189.9	42	43
2273.3060	190.1	41	42
2274.2820	190.2	40	41
2275.2520	190.5	39	40
2276.2160	190.8	38	39
2277.1740	191.0	37	38
2278.1270	191.3	36	37
2279.0740	191.5	35	36
2280.0150	191.8	34	35
2280.9500	192.0	33	34
2281.8800	192.3	32	33
2282.8030	192.6	31	32
2283.7210	192.8	30	31
2284.6330	193.1	29	30
2285.5400	193.4	28	29
2286.4400	193.7	27	28
2287.3350	194.0	26	27
2288.2240	194.3	25	26
2289.1070	194.6	24	25
2289.9840	194.9	23	24
2290.8560	195.3	22	23
2291.7220	195.6	21	22
2292.5810	196.0	20	21
2293.4360	196.4	19	20
2294.2840	196.8	18	19
2295.1260	197.3	17	18
2295.9630	197.8	16	17
2296.7930	198.3	15	16
2297.6180	198.9	14	15
2298.4370	199.5	13	14
2299.2510	200.2	12	13
2300.0580	201.1	11	12
2300.8590	202.0	10	11
2301.6550	203.1	9	10
2302.4450	204.5	8	9
2303.2290	206.2	7	8
2304.0070	208.3	6	7
2304.7790	211.1	5	6
2305.5460	215.2	4	5
2306.3060	221.5	3	4
2307.0610	232.7	2	3
2307.8100	258.8	1	2
2308.5520	388.4	0	1
2310.0210	129.6	1	0
2310.7460	155.7	2	1
2311.4650	166.9	3	2
2312.1790	173.2	4	3
2312.8860	177.2	5	4
2313.5880	180.1	6	5
2314.2840	182.2	7	6
2314.9740	183.8	8	7
2315.6580	185.2	9	8
2316.3360	186.2	10	9
2317.0080	187.2	11	10
2317.6750	188.0	12	11
2318.3350	188.6	13	12
2318.9900	189.2	14	13
2319.6380	189.8	15	14
2320.2810	190.3	16	15
2320.9180	190.7	17	16
2321.5480	191.1	18	17
2322.1730	191.5	19	18
2322.7920	191.8	20	19
2323.4060	192.2	21	20
2324.0130	192.5	22	21
2324.6140	192.8	23	22
2325.2090	193.0	24	23
2325.7990	193.3	25	24
2326.3820	193.5	26	25
2326.9600	193.7	27	26
2327.5310	194.0	28	27
2328.0970	194.2	29	28
2328.6570	194.4	30	29
2329.2100	194.6	31	30
2329.7580	194.7	32	31
2330.3000	194.9	33	32
2330.8360	195.1	34	33
2331.3660	195.2	35	34
2331.8900	195.4	36	35
2332.4080	195.6	37	36
2332.9200	195.7	38	37
2333.4270	195.8	39	38
2333.9270	196.0	40	39
2334.4210	196.1	41	40
2334.9090	196.3	42	41
2335.3920	196.3	43	42
2335.8680	196.4	44	43
2336.3390	196.6	45	44
2336.8030	196.7	46	45
2337.2610	196.8	47	46
2337.7140	197.0	48	47
2338.1610	197.0	49	48
2338.6010	197.2	50	49
2339.0360	197.3	51	50
2339.4640	197.3	52	51
2339.8870	197.5	53	52
2340.3040	197.5	54	53
2340.7150	197.6	55	54
2341.1190	197.7	56	55
2341.5180	197.7	57	56
2341.9110	197.8	58	57
2342.2980	197.9	59	58
2342.6780	198.0	60	59
2343.0530	198.1	61	60
2343.4220	198.2	62	61
2343.7850	198.3	63	62
2344.1420	198.3	64	63
2344.4930	198.4	65	64
2344.8380	198.5	66	65
2345.1770	198.5	67	66
2345.5100	198.5	68	67
2345.8370	198.6	69	68
2346.1570	198.7	70	69
2346.4720	198.7	71	70
2346.7810	198.8	72	71
2347.0840	198.8	73	72
2347.3810	198.9	74	73
2347.6720	198.9	75	74
2347.9570	199.0	76	75
2348.2360	199.0	77	76
2348.5090	199.1	78	77
2348.7760	199.1	79	78
2349.0370	199.1	80	79
2349.2920	199.2	81	80
2349.5410	199.2	82	81
2349.7840	199.2	83	82
2350.0210	199.3	84	83
2350.2520	199.2	85	84
2350.4770	199.3	86	85
2350.6960	199.3	87	86
2350.9090	199.3	88	87
2351.1160	199.4	89	88
2351.3160	199.4	90	89
2351.5110	199.4	91	90
2351.7000	199.4	92	91
2351.8830	199.5	93	92
2352.0600	199.4	94	93
2352.2310	199.4	95	94
2352.3960	199.4	96	95
2352.5540	199.4	97	96
2352.7070	199.3	98	97
2352.8540	199.3	99	98
2352.9950	192.9	100	99
2353.1290	191.3	101	100
